1	56
2	384
3	293
4	396
5	120
6	152
7	185
8	267
9	128
10	177
11	179
12	368
13	265
14	344
15	402
16	347
17	223
18	312
19	397
20	181
21	82
22	123
23	98
24	396
25	281
26	27
27	400
28	117
29	241
30	177
31	400
32	297
33	136
34	234
35	100
36	320
37	207
38	182
39	249
40	401
41	154
42	402
43	392
44	401
45	119
46	261
47	218
48	23
49	73
50	254
51	72
52	76
53	2
54	347
55	265
56	211
57	70
58	355
59	123
60	117
61	314
62	7
63	381
64	7
65	12
66	323
67	194
68	403
69	56
70	173
71	309
72	345
73	252
74	278
75	334
76	299
77	134
78	146
79	199
80	66
81	117
82	243
83	184
84	270
85	65
86	11
87	222
88	380
89	132
90	234
91	293
92	34
93	154
94	118
95	220
96	338
97	384
98	158
99	377
100	349
101	199
102	38
103	148
104	318
105	149
106	147
107	181
108	150
109	178
110	384
111	312
112	158
113	104
114	209
115	392
116	394
117	106
118	141
119	121
120	100
121	145
122	66
123	299
124	98
125	128
126	365
127	276
128	97
129	67
130	208
131	97
132	170
133	165
134	19
135	20
136	84
137	205
138	272
139	318
140	105
141	70
142	127
143	354
144	52
145	312
146	301
147	197
148	342
149	260
150	91
151	91
152	117
153	272
154	149
155	387
156	38
157	353
158	167
159	321
160	46
161	106
162	121
163	75
164	87
165	129
166	136
167	169
168	74
169	367
170	401
171	341
172	290
173	280
174	49
175	403
176	337
177	354
178	166
179	316
180	359
181	299
182	218
183	378
184	245
185	303
186	352
187	67
188	52
189	312
190	402
191	384
192	345
193	278
194	86
195	128
196	100
197	57
198	401
199	143
200	60
201	91
202	154
203	281
204	326
205	234
206	195
207	165
208	367
209	79
210	341
211	185
212	77
213	336
214	216
215	336
216	67
217	394
218	78
219	361
220	306
221	66
222	256
223	292
224	146
225	347
226	96
227	182
228	33
229	135
230	105
231	35
232	287
233	262
234	16
235	50
236	196
237	227
238	187
239	145
240	354
241	347
242	67
243	400
244	222
245	266
246	97
247	328
248	395
249	397
250	246
251	124
252	59
253	357
254	299
255	2
256	243
257	118
258	399
259	268
260	266
261	278
262	149
263	384
264	260
265	264
266	239
267	190
268	76
269	46
270	13
271	277
272	243
273	246
274	288
275	295
276	331
277	164
278	311
279	130
280	65
281	239
282	333
283	253
284	191
285	20
286	218
287	185
288	340
289	127
290	366
291	332
292	389
293	346
294	199
295	280
296	76
297	265
298	81
299	103
300	254
301	234
302	138
303	55
304	378
305	373
306	146
307	397
308	178
309	269
310	152
311	47
312	361
313	248
314	63
315	164
316	264
317	179
318	397
319	151
320	203
321	134
322	249
323	104
324	363
325	206
326	171
327	404
328	146
329	401
330	375
331	322
332	230
333	189
334	216
335	291
336	175
337	336
338	119
339	401
340	192
341	148
342	19
343	126
344	360
345	265
346	3
347	95
348	198
349	154
350	229
351	88
352	64
353	260
354	144
355	225
356	328
357	165
358	87
359	297
360	13
361	189
362	322
363	52
364	342
365	286
366	255
367	136
368	192
369	150
370	298
371	60
372	179
373	83
374	316
375	286
376	281
377	38
378	246
379	134
380	67
381	225
382	337
383	313
384	217
385	6
386	85
387	240
388	393
389	139
390	233
391	281
392	157
393	373
394	112
395	254
396	198
397	266
398	237
399	246
400	338
401	87
402	236
403	26
404	104
405	345
406	84
407	140
408	87
409	114
410	117
411	69
412	54
413	145
414	112
415	108
416	294
417	154
418	169
419	246
420	276
421	365
422	384
423	252
424	200
425	298
426	146
427	387
428	45
429	57
430	324
431	76
432	29
433	195
434	363
435	43
436	191
437	177
438	42
439	283
440	259
441	54
442	152
443	287
444	338
445	323
446	208
447	134
448	94
449	363
450	156
451	14
452	132
453	227
454	59
455	73
456	110
457	265
458	155
459	2
460	198
461	306
462	22
463	155
464	176
465	256
466	159
467	11
468	347
469	136
470	163
471	202
472	386
473	276
474	179
475	246
476	255
477	164
478	116
479	103
480	231
481	330
482	40
483	154
484	165
485	222
486	290
487	54
488	265
489	192
490	268
491	95
492	398
493	106
494	100
495	91
496	368
497	185
498	146
499	62
500	287
501	202
502	397
503	371
504	152
505	187
506	241
507	167
508	384
509	7
510	240
511	378
512	347
513	399
514	259
515	355
516	127
517	45
518	163
519	217
520	364
521	28
522	87
523	299
524	35
525	320
526	2
527	65
528	326
529	399
530	112
531	8
532	335
533	111
534	332
535	75
536	285
537	132
538	289
539	335
540	66
541	106
542	20
543	344
544	131
545	222
546	70
547	374
548	132
549	140
550	61
551	173
552	315
553	185
554	385
555	269
556	94
557	298
558	398
559	199
560	336
561	254
562	399
563	149
564	77
565	265
566	347
567	354
568	5
569	67
570	48
571	146
572	183
573	249
574	10
575	312
576	29
577	290
578	202
579	312
580	20
581	278
582	307
583	262
584	127
585	147
586	284
587	32
588	91
589	354
590	192
591	348
592	324
593	164
594	279
595	405
596	310
597	88
598	277
599	364
600	100
601	401
602	335
603	70
604	289
605	13
606	281
607	214
608	73
609	356
610	347
611	130
612	205
613	91
614	177
615	74
616	384
617	113
618	43
619	100
620	19
621	132
622	269
623	299
624	92
625	35
626	113
627	5
628	81
629	128
630	266
631	96
632	383
633	227
634	47
635	283
636	20
637	75
638	11
639	51
640	67
641	173
642	164
643	340
644	377
645	44
646	57
647	189
648	161
649	112
650	341
651	114
652	13
653	164
654	298
655	204
656	215
657	132
658	27
659	327
660	17
661	84
662	268
663	354
664	349
665	143
666	36
667	188
668	84
669	38
670	48
671	11
672	142
673	67
674	212
675	279
676	324
677	134
678	312
679	91
680	385
681	276
682	102
683	109
684	287
685	115
686	108
687	18
688	67
689	46
690	82
691	384
692	397
693	318
694	124
695	3
696	246
697	106
698	8
699	182
700	311
701	314
702	95
703	370
704	225
705	329
706	100
707	152
708	115
709	92
710	366
711	122
712	236
713	234
714	106
715	339
716	381
717	49
718	181
719	99
720	272
721	110
722	238
723	279
724	234
725	97
726	148
727	140
728	401
729	171
730	164
731	104
732	137
733	370
734	180
735	395
736	372
737	240
738	87
739	198
740	82
741	146
742	349
743	364
744	69
745	335
746	405
747	164
748	152
749	174
750	290
751	61
752	23
753	343
754	344
755	92
756	251
757	404
758	357
759	105
760	1
761	91
762	163
763	292
764	304
765	300
766	187
767	323
768	285
769	290
770	322
771	375
772	85
773	189
774	236
775	14
776	186
777	338
778	156
779	195
780	100
781	368
782	46
783	70
784	100
785	249
786	249
787	130
788	53
789	77
790	265
791	368
792	277
793	14
794	168
795	392
796	234
797	152
798	373
799	199
800	154
801	140
802	324
803	398
804	320
805	325
806	236
807	165
808	84
809	299
810	60
811	162
812	210
813	43
814	224
815	238
816	312
817	349
818	317
819	104
820	13
821	331
822	181
823	40
824	104
825	40
826	306
827	270
828	116
829	19
830	290
831	90
832	209
833	275
834	22
835	141
836	120
837	404
838	134
839	173
840	3
841	294
842	382
843	165
844	20
845	216
846	229
847	222
848	96
849	27
850	153
851	113
852	64
853	381
854	217
855	6
856	35
857	298
858	138
859	164
860	282
861	304
862	228
863	338
864	401
865	299
866	185
867	318
868	371
869	307
870	134
871	373
872	171
873	178
874	269
875	340
876	221
877	76
878	87
879	69
880	13
881	206
882	360
883	134
884	75
885	242
886	167
887	216
888	197
889	102
890	312
891	234
892	168
893	389
894	266
895	114
896	87
897	146
898	2
899	303
900	68
901	148
902	154
903	5
904	63
905	249
906	400
907	370
908	106
909	272
910	380
911	147
912	133
913	312
914	7
915	243
916	185
917	132
918	285
919	321
920	353
921	177
922	68
923	84
924	77
925	359
926	187
927	147
928	115
929	154
930	239
931	323
932	40
933	328
934	222
935	320
936	370
937	45
938	263
939	40
940	96
941	234
942	200
943	10
944	23
945	195
946	70
947	5
948	76
949	298
950	278
951	294
952	267
953	83
954	40
955	165
956	84
957	326
958	369
959	322
960	298
961	311
962	76
963	397
964	218
965	401
966	387
967	204
968	241
969	47
970	281
971	256
972	145
973	194
974	120
975	225
976	206
977	78
978	336
979	323
980	152
981	175
982	41
983	376
984	315
985	31
986	260
987	195
988	230
989	181
990	84
991	284
992	205
993	275
994	108
995	354
996	80
997	239
998	297
999	228
1000	58
1001	243
1002	317
1003	392
1004	76
1005	265
1006	172
1007	84
1008	116
1009	94
1010	368
1011	133
1012	49
1013	60
1014	53
1015	36
1016	279
1017	154
1018	208
1019	368
1020	205
1021	219
1022	62
1023	152
1024	263
1025	364
1026	335
1027	13
1028	279
1029	271
1030	205
1031	187
1032	116
1033	304
1034	84
1035	96
1036	281
1037	42
1038	273
1039	3
1040	371
1041	3
1042	382
1043	76
1044	290
1045	2
1046	125
1047	132
1048	315
1049	300
1050	82
1051	188
1052	23
1053	131
1054	2
1055	123
1056	200
1057	165
1058	219
1059	318
1060	87
1061	91
1062	357
1063	172
1064	384
1065	290
1066	45
1067	186
1068	367
1069	354
1070	360
1071	290
1072	57
1073	67
1074	82
1075	308
1076	11
1077	6
1078	153
1079	81
1080	367
1081	12
1082	222
1083	252
1084	39
1085	350
1086	249
1087	395
1088	231
1089	157
1090	251
1091	133
1092	296
1093	281
1094	40
1095	234
1096	19
1097	378
1098	139
1099	211
1100	222
1101	45
1102	173
1103	106
1104	218
1105	225
1106	377
1107	41
1108	26
1109	76
1110	134
1111	10
1112	195
1113	299
1114	217
1115	41
1116	214
1117	40
1118	256
1119	330
1120	150
1121	287
1122	167
1123	147
1124	188
1125	203
1126	379
1127	57
1128	109
1129	56
1130	382
1131	392
1132	100
1133	89
1134	183
1135	397
1136	153
1137	118
1138	203
1139	233
1140	199
1141	335
1142	45
1143	400
1144	345
1145	13
1146	354
1147	151
1148	217
1149	385
1150	40
1151	23
1152	305
1153	145
1154	360
1155	44
1156	19
1157	190
1158	23
1159	404
1160	61
1161	326
1162	158
1163	243
1164	252
1165	287
1166	15
1167	57
1168	88
1169	213
1170	126
1171	13
1172	222
1173	258
1174	356
1175	129
1176	270
1177	69
1178	241
1179	316
1180	295
1181	70
1182	11
1183	31
1184	318
1185	172
1186	264
1187	256
1188	368
1189	319
1190	250
1191	372
1192	119
1193	162
1194	79
1195	397
1196	392
1197	330
1198	363
1199	123
1200	251
1201	89
1202	80
1203	237
1204	394
1205	300
1206	395
1207	185
1208	179
1209	236
1210	382
1211	27
1212	205
1213	7
1214	192
1215	339
1216	362
1217	114
1218	328
1219	222
1220	24
1221	89
1222	49
1223	26
1224	342
1225	87
1226	124
1227	235
1228	125
1229	28
1230	16
1231	185
1232	231
1233	219
1234	83
1235	292
1236	277
1237	195
1238	329
1239	195
1240	239
1241	24
1242	168
1243	181
1244	149
1245	314
1246	354
1247	255
1248	104
1249	71
1250	57
1251	366
1252	256
1253	388
1254	90
1255	338
1256	296
1257	4
1258	203
1259	71
1260	16
1261	184
1262	99
1263	122
1264	177
1265	26
1266	239
1267	323
1268	115
1269	226
1270	116
1271	166
1272	143
1273	220
1274	249
1275	365
1276	158
1277	151
1278	27
1279	44
1280	375
1281	216
1282	174
1283	273
1284	143
1285	226
1286	73
1287	229
1288	330
1289	43
1290	372
1291	9
1292	161
1293	284
1294	261
1295	379
1296	158
1297	235
1298	131
1299	339
1300	132
1301	338
1302	283
1303	22
1304	128
1305	245
1306	335
1307	241
1308	143
1309	371
1310	8
1311	221
1312	176
1313	14
1314	266
1315	56
1316	34
1317	289
1318	369
1319	268
1320	98
1321	145
1322	125
1323	99
1324	47
1325	277
1326	261
1327	56
1328	339
1329	180
1330	303
1331	376
1332	366
1333	257
1334	27
1335	216
1336	315
1337	258
1338	33
1339	376
1340	150
1341	75
1342	147
1343	209
1344	49
1345	59
1346	275
1347	275
1348	103
1349	245
1350	313
1351	237
1352	182
1353	53
1354	258
1355	371
1356	405
1357	61
1358	236
1359	391
1360	203
1361	346
1362	317
1363	96
1364	274
1365	402
1366	378
1367	213
1368	167
1369	399
1370	205
1371	335
1372	305
1373	288
1374	165
1375	305
1376	166
1377	366
1378	132
1379	115
1380	189
1381	191
1382	311
1383	265
1384	340
1385	197
1386	139
1387	201
1388	359
1389	273
1390	125
1391	46
1392	263
1393	134
1394	248
1395	32
1396	124
1397	147
1398	266
1399	133
1400	298
1401	394
1402	328
1403	4
1404	211
1405	104
1406	78
1407	197
1408	362
1409	272
1410	396
1411	362
1412	277
1413	380
1414	332
1415	16
1416	133
1417	371
1418	66
1419	141
1420	199
1421	60
1422	120
1423	13
1424	389
1425	1
1426	331
1427	276
1428	365
1429	357
1430	20
1431	381
1432	289
1433	33
1434	2
1435	3
1436	37
1437	38
1438	51
1439	86
1440	250
1441	285
1442	22
1443	189
1444	119
1445	205
1446	12
1447	228
1448	218
1449	29
1450	299
1451	49
1452	129
1453	64
1454	157
1455	227
1456	106
1457	284
1458	284
1459	63
1460	178
1461	288
1462	341
1463	357
1464	116
1465	79
1466	50
1467	392
1468	250
1469	323
1470	117
1471	390
1472	242
1473	187
1474	83
1475	367
1476	319
1477	200
1478	72
1479	36
1480	229
1481	139
1482	178
1483	7
1484	189
1485	45
1486	106
1487	320
1488	116
1489	14
1490	179
1491	193
1492	286
1493	180
1494	88
1495	183
1496	371
1497	353
1498	263
1499	247
1500	271
1501	267
1502	276
1503	80
1504	402
1505	74
1506	315
1507	40
1508	178
1509	93
1510	2
1511	133
1512	246
1513	170
1514	37
1515	281
1516	227
1517	188
1518	243
1519	294
1520	377
1521	116
1522	91
1523	208
1524	35
1525	9
1526	254
1527	281
1528	334
1529	173
1530	172
1531	157
1532	293
1533	122
1534	279
1535	33
1536	334
1537	17
1538	371
1539	344
1540	266
1541	6
1542	110
1543	188
1544	196
1545	165
1546	402
1547	200
1548	128
1549	21
1550	246
1551	346
1552	145
1553	226
1554	99
1555	336
1556	9
1557	65
1558	297
1559	320
1560	260
1561	166
1562	191
1563	5
1564	363
1565	318
1566	181
1567	349
1568	339
1569	12
1570	79
1571	264
1572	116
1573	102
1574	220
1575	2
1576	387
1577	115
1578	284
1579	260
1580	22
1581	212
1582	382
1583	362
1584	338
1585	164
1586	54
1587	403
1588	129
1589	173
1590	260
1591	297
1592	228
1593	257
1594	146
1595	270
1596	252
1597	264
1598	105
1599	57
1600	104
1601	298
1602	6
1603	75
1604	104
1605	83
1606	114
1607	155
1608	64
1609	323
1610	3
1611	57
1612	138
1613	313
1614	339
1615	232
1616	238
1617	298
1618	334
1619	217
1620	340
1621	179
1622	380
1623	123
1624	267
1625	201
1626	400
1627	61
1628	337
1629	249
1630	182
1631	279
1632	310
1633	282
1634	286
1635	381
1636	263
1637	85
1638	238
1639	227
1640	325
1641	274
1642	147
1643	21
1644	279
1645	345
1646	79
1647	122
1648	185
1649	240
1650	83
1651	20
1652	75
1653	140
1654	242
1655	218
1656	114
1657	381
1658	373
1659	315
1660	77
1661	96
1662	317
1663	28
1664	153
1665	69
1666	121
1667	11
1668	264
1669	50
1670	267
1671	113
1672	71
1673	9
1674	217
1675	75
1676	68
1677	403
1678	32
1679	180
1680	286
1681	288
1682	287
1683	281
1684	318
1685	75
1686	382
1687	387
1688	404
1689	19
1690	81
1691	360
1692	165
1693	184
1694	290
1695	239
1696	211
1697	86
1698	60
1699	247
1700	345
1701	255
1702	326
1703	152
1704	34
1705	246
1706	339
1707	274
1708	186
1709	313
1710	7
1711	99
1712	203
1713	309
1714	309
1715	28
1716	295
1717	386
1718	322
1719	189
1720	303
1721	232
1722	156
1723	387
1724	195
1725	329
1726	51
1727	293
1728	279
1729	155
1730	124
1731	329
1732	275
1733	386
1734	81
1735	23
1736	29
1737	266
1738	240
1739	273
1740	393
1741	267
1742	232
1743	260
1744	351
1745	33
1746	352
1747	115
1748	339
1749	31
1750	315
1751	226
1752	43
1753	51
1754	241
1755	89
1756	22
1757	391
1758	139
1759	78
1760	258
1761	395
1762	228
1763	42
1764	9
1765	61
1766	128
1767	311
1768	80
1769	216
1770	270
1771	368
1772	144
1773	115
1774	203
1775	112
1776	147
1777	228
1778	314
1779	331
1780	254
1781	59
1782	219
1783	114
1784	63
1785	358
1786	272
1787	181
1788	361
1789	41
1790	343
1791	399
1792	65
1793	186
1794	276
1795	175
1796	190
1797	194
1798	24
1799	66
1800	348
1801	193
1802	88
1803	198
1804	170
1805	151
1806	286
1807	302
1808	358
1809	260
1810	43
1811	339
1812	156
1813	294
1814	130
1815	349
1816	28
1817	188
1818	256
1819	49
1820	45
1821	236
1822	83
1823	238
1824	287
1825	237
1826	399
1827	141
1828	21
1829	344
1830	47
1831	250
1832	241
1833	395
1834	155
1835	296
1836	238
1837	192
1838	270
1839	248
1840	322
1841	121
1842	392
1843	158
1844	378
1845	367
1846	293
1847	404
1848	344
1849	328
1850	172
1851	2
1852	69
1853	6
1854	266
1855	370
1856	147
1857	221
1858	150
1859	260
1860	278
1861	326
1862	326
1863	123
1864	210
1865	191
1866	68
1867	151
1868	279
1869	157
1870	333
1871	353
1872	271
1873	18
1874	335
1875	12
1876	301
1877	150
1878	345
1879	396
1880	364
1881	253
1882	400
1883	199
1884	81
1885	315
1886	389
1887	50
1888	120
1889	259
1890	136
1891	176
1892	385
1893	383
1894	197
1895	158
1896	125
1897	27
1898	361
1899	388
1900	183
1901	259
1902	179
1903	14
1904	144
1905	75
1906	128
1907	9
1908	207
1909	276
1910	325
1911	392
1912	241
1913	47
1914	329
1915	27
1916	23
1917	182
1918	175
1919	315
1920	162
1921	184
1922	377
1923	318
1924	404
1925	256
1926	186
1927	20
1928	350
1929	394
1930	193
1931	7
1932	166
1933	135
1934	157
1935	343
1936	176
1937	344
1938	242
1939	218
1940	182
1941	5
1942	338
1943	6
1944	211
1945	238
1946	149
1947	26
1948	29
1949	350
1950	273
1951	97
1952	11
1953	267
1954	183
1955	371
1956	191
1957	207
1958	353
1959	381
1960	325
1961	73
1962	400
1963	33
1964	282
1965	205
1966	197
1967	107
1968	288
1969	365
1970	123
1971	328
1972	168
1973	374
1974	198
1975	353
1976	261
1977	166
1978	17
1979	77
1980	144
1981	139
1982	306
1983	336
1984	204
1985	230
1986	125
1987	342
1988	300
1989	376
1990	174
1991	143
1992	303
1993	178
1994	129
1995	270
1996	177
1997	45
1998	209
1999	264
2000	93
2001	293
2002	108
2003	148
2004	173
2005	201
2006	50
2007	202
2008	197
2009	338
2010	272
2011	308
2012	201
2013	313
2014	137
2015	30
2016	45
2017	58
2018	19
2019	279
2020	259
2021	270
2022	32
2023	216
2024	314
2025	133
2026	102
2027	82
2028	177
2029	112
2030	358
2031	189
2032	195
2033	52
2034	143
2035	166
2036	277
2037	129
2038	6
2039	104
2040	43
2041	308
2042	48
2043	296
2044	388
2045	213
2046	307
2047	155
2048	275
2049	4
2050	226
2051	368
2052	113
2053	255
2054	82
2055	114
2056	128
2057	251
2058	147
2059	23
2060	12
2061	18
2062	115
2063	114
2064	119
2065	77
2066	218
2067	259
2068	181
2069	186
2070	115
2071	352
2072	210
2073	228
2074	335
2075	347
2076	311
2077	124
2078	10
2079	304
2080	288
2081	339
2082	353
2083	183
2084	304
2085	203
2086	365
2087	96
2088	10
2089	388
2090	215
2091	3
2092	79
2093	173
2094	285
2095	381
2096	162
2097	73
2098	156
2099	88
2100	101
2101	377
2102	75
2103	204
2104	330
2105	20
2106	260
2107	323
2108	140
2109	360
2110	9
2111	204
2112	7
2113	381
2114	97
2115	250
2116	375
2117	128
2118	256
2119	149
2120	151
2121	229
2122	19
2123	98
2124	403
2125	186
2126	30
2127	203
2128	82
2129	42
2130	55
2131	174
2132	52
2133	362
2134	88
2135	102
2136	247
2137	25
2138	177
2139	387
2140	37
2141	353
2142	166
2143	14
2144	274
2145	400
2146	5
2147	262
2148	286
2149	383
2150	284
2151	386
2152	369
2153	213
2154	223
2155	12
2156	221
2157	344
2158	111
2159	39
2160	196
2161	205
2162	288
2163	297
2164	252
2165	97
2166	86
2167	226
2168	161
2169	212
2170	215
2171	303
2172	227
2173	330
2174	166
2175	110
2176	233
2177	3
2178	43
2179	314
2180	11
2181	144
2182	150
2183	133
2184	372
2185	200
2186	21
2187	252
2188	144
2189	336
2190	55
2191	301
2192	287
2193	181
2194	268
2195	225
2196	81
2197	36
2198	8
2199	139
2200	280
2201	262
2202	98
2203	313
2204	264
2205	136
2206	161
2207	26
2208	55
2209	223
2210	228
2211	385
2212	214
2213	42
2214	41
2215	182
2216	272
2217	334
2218	144
2219	331
2220	52
2221	386
2222	231
2223	305
2224	365
2225	403
2226	44
2227	62
2228	173
2229	275
2230	210
2231	291
2232	63
2233	342
2234	302
2235	348
2236	122
2237	396
2238	383
2239	203
2240	371
2241	224
2242	55
2243	149
2244	22
2245	271
2246	277
2247	248
2248	124
2249	287
2250	305
2251	80
2252	338
2253	355
2254	168
2255	309
2256	308
2257	394
2258	19
2259	366
2260	193
2261	99
2262	331
2263	314
2264	66
2265	287
2266	235
2267	169
2268	305
2269	37
2270	329
2271	335
2272	357
2273	251
2274	188
2275	304
2276	342
2277	114
2278	403
2279	55
2280	26
2281	97
2282	269
2283	328
2284	342
2285	65
2286	385
2287	70
2288	50
2289	191
2290	298
2291	350
2292	6
2293	195
2294	236
2295	38
2296	245
2297	207
2298	109
2299	253
2300	210
2301	276
2302	53
2303	289
2304	166
2305	47
2306	171
2307	68
2308	242
2309	11
2310	295
2311	57
2312	6
2313	385
2314	208
2315	236
2316	323
2317	272
2318	10
2319	346
2320	383
2321	12
2322	302
2323	185
2324	128
2325	274
2326	337
2327	228
2328	264
2329	339
2330	364
2331	138
2332	320
2333	324
2334	10
2335	278
2336	221
2337	253
2338	229
2339	176
2340	188
2341	336
2342	324
2343	28
2344	374
2345	158
2346	284
2347	97
2348	230
2349	388
2350	107
2351	33
2352	296
2353	236
2354	112
2355	89
2356	127
2357	63
2358	38
2359	168
2360	311
2361	334
2362	130
2363	201
2364	362
2365	373
2366	188
2367	150
2368	103
2369	277
2370	1
2371	49
2372	57
2373	331
2374	159
2375	153
2376	137
2377	300
2378	211
2379	249
2380	247
2381	387
2382	310
2383	303
2384	34
2385	113
2386	177
2387	214
2388	115
2389	363
2390	375
2391	20
2392	119
2393	117
2394	243
2395	94
2396	51
2397	217
2398	352
2399	171
2400	47
2401	332
2402	29
2403	225
2404	95
2405	193
2406	293
2407	94
2408	224
2409	399
2410	345
2411	245
2412	282
2413	44
2414	398
2415	208
2416	61
2417	139
2418	144
2419	23
2420	237
2421	83
2422	72
2423	218
2424	63
2425	53
2426	178
2427	24
2428	351
2429	385
2430	386
2431	261
2432	54
2433	351
2434	191
2435	60
2436	229
2437	5
2438	107
2439	98
2440	296
2441	388
2442	273
2443	269
2444	253
2445	345
2446	377
2447	145
2448	51
2449	122
2450	376
2451	124
2452	244
2453	292
2454	359
2455	233
2456	350
2457	350
2458	223
2459	11
2460	208
2461	372
2462	256
2463	191
2464	306
2465	223
2466	159
2467	162
2468	303
2469	20
2470	404
2471	402
2472	97
2473	249
2474	113
2475	242
2476	337
2477	283
2478	236
2479	8
2480	114
2481	63
2482	251
2483	250
2484	180
2485	205
2486	73
2487	280
2488	357
2489	201
2490	367
2491	203
2492	51
2493	202
2494	319
2495	46
2496	230
2497	74
2498	130
2499	219
2500	111
2501	329
2502	70
2503	198
2504	163
2505	226
2506	288
2507	213
2508	182
2509	188
2510	137
2511	328
2512	356
2513	396
2514	59
2515	156
2516	63
2517	156
2518	59
2519	150
2520	218
2521	262
2522	396
2523	68
2524	336
2525	300
2526	15
2527	188
2528	12
2529	347
2530	241
2531	80
2532	344
2533	353
2534	56
2535	303
2536	325
2537	82
2538	158
2539	334
2540	209
2541	4
2542	388
2543	169
2544	80
2545	297
2546	373
2547	204
2548	151
2549	387
2550	373
2551	203
2552	171
2553	261
2554	291
2555	216
2556	365
2557	107
2558	32
2559	355
2560	125
2561	50
2562	341
2563	58
2564	5
2565	301
2566	261
2567	149
2568	392
2569	143
2570	119
2571	367
2572	362
2573	43
2574	45
2575	65
2576	29
2577	277
2578	380
2579	129
2580	151
2581	42
2582	375
2583	297
2584	212
2585	208
2586	17
2587	61
2588	53
2589	274
2590	366
2591	70
2592	50
2593	51
2594	171
2595	1
2596	12
2597	197
2598	323
2599	326
2600	389
2601	232
2602	125
2603	116
2604	266
2605	334
2606	211
2607	176
2608	244
2609	89
2610	285
2611	228
2612	309
2613	156
2614	244
2615	38
2616	381
2617	220
2618	171
2619	351
2620	211
2621	280
2622	22
2623	25
2624	247
2625	102
2626	135
2627	256
2628	173
2629	240
2630	92
2631	292
2632	148
2633	107
2634	231
2635	285
2636	264
2637	178
2638	120
2639	21
2640	392
2641	73
2642	219
2643	402
2644	213
2645	22
2646	353
2647	280
2648	34
2649	39
2650	43
2651	355
2652	136
2653	400
2654	329
2655	366
2656	387
2657	262
2658	59
2659	9
2660	328
2661	214
2662	143
2663	323
2664	300
2665	334
2666	181
2667	19
2668	239
2669	163
2670	356
2671	405
2672	301
2673	208
2674	385
2675	256
2676	382
2677	89
2678	308
2679	311
2680	248
2681	226
2682	369
2683	253
2684	355
2685	212
2686	313
2687	137
2688	16
2689	262
2690	31
2691	282
2692	139
2693	376
2694	141
2695	206
2696	216
2697	58
2698	365
2699	264
2700	284
2701	236
2702	49
2703	33
2704	72
2705	286
2706	116
2707	364
2708	249
2709	83
2710	365
2711	130
2712	247
2713	204
2714	42
2715	364
2716	388
2717	326
2718	149
2719	70
2720	381
2721	83
2722	71
2723	324
2724	46
2725	90
2726	295
2727	355
2728	341
2729	176
2730	374
2731	210
2732	156
2733	33
2734	287
2735	289
2736	79
2737	38
2738	405
2739	400
2740	161
2741	355
2742	49
2743	196
2744	102
2745	131
2746	262
2747	142
2748	280
2749	353
2750	257
2751	344
2752	300
2753	30
2754	365
2755	13
2756	345
2757	39
2758	155
2759	228
2760	112
2761	267
2762	378
2763	300
2764	108
2765	343
2766	348
2767	34
2768	226
2769	50
2770	27
2771	156
2772	322
2773	221
2774	163
2775	150
2776	182
2777	400
2778	10
2779	23
2780	267
2781	95
2782	383
2783	374
2784	4
2785	347
2786	205
2787	261
2788	316
2789	119
2790	261
2791	43
2792	36
2793	167
2794	58
2795	277
2796	201
2797	310
2798	385
2799	318
2800	21
2801	192
2802	163
2803	58
2804	86
2805	122
2806	149
2807	366
2808	402
2809	254
2810	379
2811	32
2812	342
2813	346
2814	14
2815	261
2816	191
2817	179
2818	317
2819	21
2820	44
2821	6
2822	322
2823	274
2824	332
2825	322
2826	374
2827	120
2828	143
2829	143
2830	47
2831	341
2832	131
2833	6
2834	29
2835	258
2836	271
2837	55
2838	176
2839	85
2840	60
2841	209
2842	345
2843	62
2844	182
2845	352
2846	352
2847	263
2848	58
2849	98
2850	372
2851	262
2852	155
2853	92
2854	292
2855	368
2856	283
2857	202
2858	251
2859	382
2860	162
2861	322
2862	170
2863	361
2864	270
2865	36
2866	360
2867	35
2868	143
2869	341
2870	349
2871	396
2872	33
2873	71
2874	123
2875	73
2876	402
2877	10
2878	253
2879	93
2880	263
2881	103
2882	199
2883	114
2884	381
2885	1
2886	273
2887	230
2888	28
2889	201
2890	149
2891	121
2892	21
2893	35
2894	302
2895	10
2896	244
2897	388
2898	121
2899	180
2900	179
2901	113
2902	37
2903	268
2904	220
2905	377
2906	81
2907	32
2908	350
2909	92
2910	14
2911	125
2912	210
2913	181
2914	28
2915	34
2916	220
2917	337
2918	184
2919	175
2920	59
2921	402
2922	1
2923	250
2924	293
2925	68
2926	302
2927	19
2928	111
2929	172
2930	326
2931	331
2932	364
2933	282
2934	371
2935	295
2936	61
2937	140
2938	376
2939	356
2940	95
2941	288
2942	124
2943	172
2944	293
2945	329
2946	119
2947	364
2948	399
2949	211
2950	142
2951	92
2952	171
2953	337
2954	12
2955	349
2956	371
2957	55
2958	56
2959	101
2960	237
2961	343
2962	94
2963	156
2964	319
2965	330
2966	116
2967	383
2968	156
2969	21
2970	93
2971	245
2972	137
2973	44
2974	193
2975	356
2976	253
2977	267
2978	259
2979	355
2980	129
2981	97
2982	319
2983	145
2984	364
2985	289
2986	209
2987	308
2988	397
2989	5
2990	331
2991	366
2992	217
2993	47
2994	92
2995	317
2996	224
2997	261
2998	192
2999	378
3000	155
3001	74
3002	300
3003	225
3004	330
3005	105
3006	71
3007	101
3008	172
3009	153
3010	336
3011	79
3012	235
3013	313
3014	301
3015	85
3016	198
3017	32
3018	324
3019	103
3020	62
3021	47
3022	126
3023	230
3024	334
3025	397
3026	162
3027	233
3028	334
3029	27
3030	247
3031	170
3032	86
3033	342
3034	188
3035	85
3036	348
3037	117
3038	14
3039	176
3040	170
3041	160
3042	403
3043	199
3044	327
3045	245
3046	335
3047	325
3048	372
3049	248
3050	320
3051	361
3052	116
3053	148
3054	168
3055	3
3056	403
3057	119
3058	386
3059	242
3060	247
3061	382
3062	183
3063	169
3064	14
3065	158
3066	242
3067	79
3068	262
3069	207
3070	206
3071	108
3072	130
3073	50
3074	153
3075	372
3076	194
3077	156
3078	96
3079	36
3080	379
3081	318
3082	365
3083	363
3084	398
3085	78
3086	273
3087	405
3088	378
3089	60
3090	37
3091	153
3092	28
3093	88
3094	10
3095	124
3096	311
3097	314
3098	285
3099	97
3100	243
3101	196
3102	95
3103	306
3104	192
3105	328
3106	31
3107	346
3108	226
3109	198
3110	80
3111	311
3112	228
3113	385
3114	231
3115	54
3116	278
3117	373
3118	188
3119	333
3120	78
3121	259
3122	7
3123	34
3124	355
3125	393
3126	377
3127	385
3128	343
3129	72
3130	216
3131	105
3132	216
3133	275
3134	338
3135	255
3136	180
3137	310
3138	304
3139	248
3140	394
3141	230
3142	274
3143	207
3144	363
3145	111
3146	372
3147	370
3148	302
3149	284
3150	174
3151	333
3152	361
3153	88
3154	135
3155	231
3156	150
3157	382
3158	43
3159	9
3160	291
3161	330
3162	188
3163	226
3164	237
3165	48
3166	233
3167	372
3168	141
3169	316
3170	108
3171	370
3172	68
3173	133
3174	26
3175	148
3176	119
3177	12
3178	356
3179	107
3180	171
3181	25
3182	271
3183	39
3184	385
3185	136
3186	89
3187	51
3188	257
3189	325
3190	224
3191	238
3192	202
3193	333
3194	374
3195	135
3196	394
3197	262
3198	161
3199	285
3200	56
3201	145
3202	82
3203	357
3204	231
3205	47
3206	381
3207	178
3208	316
3209	16
3210	184
3211	289
3212	251
3213	363
3214	54
3215	133
3216	22
3217	350
3218	184
3219	269
3220	180
3221	359
3222	124
3223	110
3224	334
3225	183
3226	351
3227	244
3228	156
3229	170
3230	253
3231	160
3232	170
3233	405
3234	238
3235	85
3236	257
3237	366
3238	215
3239	319
3240	389
3241	238
3242	275
3243	293
3244	296
3245	82
3246	223
3247	62
3248	390
3249	277
3250	311
3251	307
3252	373
3253	138
3254	119
3255	254
3256	7
3257	95
3258	271
3259	117
3260	383
3261	383
3262	241
3263	159
3264	368
3265	138
3266	242
3267	202
3268	208
3269	42
3270	49
3271	311
3272	275
3273	238
3274	209
3275	237
3276	35
3277	55
3278	135
3279	180
3280	394
3281	39
3282	37
3283	4
3284	402
3285	18
3286	385
3287	94
3288	350
3289	310
3290	86
3291	145
3292	270
3293	230
3294	5
3295	111
3296	280
3297	168
3298	402
3299	327
3300	65
3301	28
3302	99
3303	168
3304	307
3305	231
3306	350
3307	153
3308	121
3309	44
3310	403
3311	182
3312	18
3313	295
3314	390
3315	71
3316	301
3317	326
3318	102
3319	336
3320	170
3321	71
3322	275
3323	229
3324	31
3325	270
3326	137
3327	166
3328	390
3329	337
3330	295
3331	362
3332	355
3333	47
3334	191
3335	196
3336	245
3337	32
3338	162
3339	58
3340	70
3341	232
3342	201
3343	320
3344	214
3345	156
3346	176
3347	243
3348	49
3349	175
3350	94
3351	202
3352	396
3353	301
3354	150
3355	330
3356	291
3357	83
3358	385
3359	356
3360	42
3361	54
3362	218
3363	397
3364	288
3365	288
3366	163
3367	24
3368	13
3369	372
3370	363
3371	16
3372	269
3373	138
3374	33
3375	122
3376	327
3377	50
3378	258
3379	361
3380	82
3381	8
3382	268
3383	226
3384	188
3385	175
3386	337
3387	204
3388	37
3389	213
3390	302
3391	63
3392	399
3393	102
3394	376
3395	352
3396	392
3397	318
3398	183
3399	10
3400	324
3401	271
3402	306
3403	259
3404	331
3405	125
3406	250
3407	226
3408	118
3409	37
3410	93
3411	209
3412	128
3413	190
3414	200
3415	326
3416	238
3417	82
3418	308
3419	184
3420	66
3421	254
3422	310
3423	247
3424	10
3425	326
3426	56
3427	131
3428	15
3429	327
3430	376
3431	80
3432	212
3433	322
3434	65
3435	175
3436	383
3437	358
3438	385
3439	81
3440	359
3441	137
3442	283
3443	364
3444	261
3445	315
3446	29
3447	353
3448	403
3449	79
3450	7
3451	21
3452	56
3453	224
3454	253
3455	153
3456	319
3457	168
3458	369
3459	225
3460	286
3461	370
3462	273
3463	332
3464	396
3465	283
3466	206
3467	108
3468	78
3469	391
3470	22
3471	88
3472	327
3473	12
3474	231
3475	381
3476	138
3477	98
3478	180
3479	72
3480	335
3481	37
3482	275
3483	113
3484	118
3485	395
3486	74
3487	88
3488	171
3489	169
3490	187
3491	305
3492	72
3493	109
3494	103
3495	73
3496	383
3497	46
3498	233
3499	4
3500	262
3501	320
3502	367
3503	348
3504	125
3505	220
3506	131
3507	262
3508	362
3509	14
3510	53
3511	90
3512	47
3513	291
3514	183
3515	46
3516	361
3517	390
3518	320
3519	377
3520	305
3521	126
3522	121
3523	243
3524	28
3525	403
3526	36
3527	317
3528	200
3529	77
3530	183
3531	88
3532	95
3533	346
3534	127
3535	16
3536	264
3537	82
3538	340
3539	337
3540	49
3541	364
3542	390
3543	239
3544	337
3545	307
3546	370
3547	65
3548	280
3549	124
3550	251
3551	374
3552	215
3553	98
3554	64
3555	25
3556	353
3557	211
3558	69
3559	77
3560	14
3561	239
3562	176
3563	271
3564	62
3565	376
3566	102
3567	191
3568	172
3569	344
3570	127
3571	129
3572	314
3573	285
3574	32
3575	126
3576	389
3577	350
3578	77
3579	321
3580	398
3581	28
3582	96
3583	159
3584	303
3585	77
3586	202
3587	379
3588	139
3589	223
3590	396
3591	327
3592	155
3593	102
3594	86
3595	367
3596	64
3597	380
3598	144
3599	29
3600	258
3601	109
3602	66
3603	69
3604	199
3605	319
3606	80
3607	176
3608	278
3609	385
3610	359
3611	271
3612	47
3613	387
3614	231
3615	235
3616	62
3617	380
3618	85
3619	263
3620	212
3621	388
3622	82
3623	54
3624	142
3625	194
3626	183
3627	367
3628	369
3629	208
3630	127
3631	177
3632	197
3633	301
3634	286
3635	285
3636	171
3637	237
3638	105
3639	357
3640	346
3641	405
3642	142
3643	81
3644	49
3645	43
3646	179
3647	61
3648	326
3649	63
3650	10
3651	110
3652	221
3653	53
3654	138
3655	194
3656	208
3657	349
3658	139
3659	248
3660	360
3661	96
3662	35
3663	176
3664	283
3665	191
3666	17
3667	189
3668	244
3669	148
3670	370
3671	30
3672	153
3673	304
3674	172
3675	349
3676	303
3677	110
3678	333
3679	3
3680	123
3681	26
3682	322
3683	267
3684	280
3685	153
3686	28
3687	95
3688	156
3689	52
3690	321
3691	294
3692	89
3693	9
3694	251
3695	240
3696	397
3697	275
3698	127
3699	250
3700	98
3701	375
3702	44
3703	175
3704	344
3705	320
3706	200
3707	89
3708	148
3709	268
3710	311
3711	136
3712	386
3713	251
3714	22
3715	101
3716	385
3717	327
3718	235
3719	11
3720	376
3721	131
3722	17
3723	183
3724	50
3725	393
3726	54
3727	303
3728	103
3729	295
3730	16
3731	158
3732	387
3733	209
3734	113
3735	372
3736	74
3737	30
3738	139
3739	1
3740	138
3741	118
3742	232
3743	145
3744	333
3745	127
3746	68
3747	356
3748	393
3749	107
3750	357
3751	145
3752	77
3753	399
3754	56
3755	280
3756	230
3757	36
3758	253
3759	108
3760	197
3761	278
3762	263
3763	198
3764	229
3765	101
3766	319
3767	117
3768	204
3769	336
3770	302
3771	306
3772	405
3773	130
3774	404
3775	243
3776	398
3777	322
3778	391
3779	217
3780	318
3781	10
3782	233
3783	28
3784	270
3785	170
3786	269
3787	237
3788	258
3789	93
3790	313
3791	137
3792	282
3793	174
3794	343
3795	193
3796	359
3797	280
3798	208
3799	331
3800	330
3801	388
3802	285
3803	321
3804	380
3805	74
3806	292
3807	92
3808	118
3809	142
3810	139
3811	180
3812	379
3813	213
3814	198
3815	191
3816	245
3817	159
3818	289
3819	22
3820	346
3821	189
3822	183
3823	30
3824	96
3825	136
3826	94
3827	247
3828	274
3829	307
3830	6
3831	48
3832	252
3833	264
3834	55
3835	330
3836	296
3837	301
3838	29
3839	278
3840	289
3841	187
3842	241
3843	326
3844	314
3845	393
3846	50
3847	338
3848	109
3849	214
3850	55
3851	47
3852	267
3853	44
3854	21
3855	33
3856	118
3857	32
3858	342
3859	77
3860	321
3861	55
3862	350
3863	6
3864	72
3865	227
3866	230
3867	35
3868	108
3869	293
3870	359
3871	248
3872	98
3873	170
3874	294
3875	33
3876	304
3877	360
3878	120
3879	251
3880	140
3881	65
3882	153
3883	250
3884	211
3885	387
3886	35
3887	39
3888	292
3889	324
3890	220
3891	233
3892	1
3893	337
3894	69
3895	337
3896	387
3897	9
3898	213
3899	135
3900	158
3901	343
3902	159
3903	371
3904	138
3905	376
3906	358
3907	350
3908	243
3909	403
3910	137
3911	156
3912	99
3913	328
3914	334
3915	55
3916	344
3917	200
3918	205
3919	131
3920	212
3921	168
3922	404
3923	89
3924	259
3925	219
3926	259
3927	66
3928	227
3929	199
3930	151
3931	194
3932	53
3933	207
3934	277
3935	296
3936	171
3937	120
3938	325
3939	35
3940	404
3941	316
3942	119
3943	180
3944	59
3945	221
3946	247
3947	26
3948	137
3949	390
3950	206
3951	217
3952	24
3953	336
3954	179
3955	355
3956	269
3957	62
3958	295
3959	373
3960	186
3961	53
3962	238
3963	291
3964	192
3965	209
3966	174
3967	86
3968	327
3969	123
3970	99
3971	56
3972	259
3973	317
3974	167
3975	15
3976	174
3977	189
3978	254
3979	184
3980	8
3981	96
3982	124
3983	363
3984	368
3985	82
3986	133
3987	243
3988	109
3989	399
3990	41
3991	65
3992	394
3993	252
3994	158
3995	209
3996	294
3997	267
3998	225
3999	81
4000	301
4001	399
4002	377
4003	150
4004	26
4005	398
4006	380
4007	157
4008	316
4009	27
4010	11
4011	205
4012	138
4013	356
4014	1
4015	99
4016	316
4017	88
4018	133
4019	171
4020	255
4021	18
4022	372
4023	276
4024	291
4025	92
4026	168
4027	367
4028	315
4029	101
4030	369
4031	163
4032	363
4033	219
4034	122
4035	25
4036	388
4037	282
4038	30
4039	144
4040	140
4041	359
4042	72
4043	83
4044	85
4045	324
4046	184
4047	316
4048	175
4049	255
4050	225
4051	151
4052	38
4053	136
4054	244
4055	337
4056	130
4057	34
4058	27
4059	244
4060	135
4061	80
4062	216
4063	383
4064	170
4065	59
4066	306
4067	302
4068	161
4069	356
4070	302
4071	66
4072	197
4073	300
4074	390
4075	29
4076	74
4077	86
4078	118
4079	117
4080	271
4081	254
4082	276
4083	9
4084	168
4085	241
4086	301
4087	8
4088	231
4089	391
4090	174
4091	330
4092	79
4093	273
4094	34
4095	23
4096	314
4097	129
4098	135
4099	56
4100	368
4101	397
4102	337
4103	206
4104	331
4105	357
4106	217
4107	241
4108	153
4109	294
4110	292
4111	129
4112	309
4113	314
4114	248
4115	122
4116	383
4117	44
4118	161
4119	363
4120	56
4121	121
4122	284
4123	224
4124	285
4125	73
4126	162
4127	78
4128	389
4129	207
4130	375
4131	144
4132	273
4133	180
4134	212
4135	50
4136	59
4137	366
4138	38
4139	35
4140	42
4141	66
4142	250
4143	161
4144	16
4145	405
4146	351
4147	367
4148	187
4149	374
4150	36
4151	126
4152	383
4153	73
4154	160
4155	331
4156	108
4157	373
4158	97
4159	251
4160	294
4161	296
4162	133
4163	39
4164	81
4165	258
4166	305
4167	135
4168	179
4169	181
4170	118
4171	21
4172	181
4173	263
4174	313
4175	58
4176	382
4177	136
4178	278
4179	26
4180	355
4181	190
4182	4
4183	159
4184	252
4185	39
4186	97
4187	269
4188	270
4189	382
4190	65
4191	340
4192	135
4193	61
4194	126
4195	386
4196	331
4197	49
4198	158
4199	255
4200	403
4201	97
4202	351
4203	254
4204	282
4205	389
4206	250
4207	52
4208	55
4209	65
4210	81
4211	34
4212	102
4213	196
4214	227
4215	34
4216	300
4217	191
4218	324
4219	193
4220	141
4221	303
4222	380
4223	215
4224	259
4225	395
4226	338
4227	42
4228	196
4229	391
4230	170
4231	274
4232	77
4233	141
4234	46
4235	140
4236	86
4237	61
4238	289
4239	25
4240	204
4241	230
4242	296
4243	209
4244	207
4245	184
4246	272
4247	231
4248	328
4249	288
4250	21
4251	257
4252	118
4253	340
4254	224
4255	387
4256	92
4257	98
4258	158
4259	372
4260	207
4261	69
4262	189
4263	292
4264	283
4265	28
4266	308
4267	148
4268	367
4269	39
4270	101
4271	109
4272	327
4273	285
4274	111
4275	268
4276	193
4277	112
4278	79
4279	105
4280	24
4281	389
4282	4
4283	289
4284	381
4285	291
4286	324
4287	378
4288	69
4289	292
4290	159
4291	77
4292	244
4293	166
4294	101
4295	98
4296	305
4297	49
4298	8
4299	352
4300	353
4301	282
4302	5
4303	63
4304	405
4305	291
4306	140
4307	206
4308	325
4309	94
4310	350
4311	301
4312	404
4313	86
4314	144
4315	336
4316	167
4317	248
4318	389
4319	34
4320	225
4321	351
4322	162
4323	95
4324	306
4325	306
4326	253
4327	178
4328	227
4329	15
4330	17
4331	51
4332	327
4333	283
4334	316
4335	72
4336	306
4337	23
4338	361
4339	204
4340	21
4341	328
4342	237
4343	359
4344	142
4345	112
4346	214
4347	59
4348	390
4349	379
4350	356
4351	252
4352	8
4353	329
4354	64
4355	111
4356	81
4357	174
4358	378
4359	186
4360	348
4361	338
4362	184
4363	214
4364	248
4365	41
4366	374
4367	90
4368	405
4369	194
4370	342
4371	217
4372	103
4373	258
4374	101
4375	288
4376	396
4377	206
4378	355
4379	200
4380	233
4381	396
4382	248
4383	272
4384	37
4385	39
4386	138
4387	69
4388	293
4389	159
4390	227
4391	163
4392	89
4393	177
4394	52
4395	396
4396	242
4397	111
4398	4
4399	213
4400	293
4401	254
4402	368
4403	72
4404	274
4405	197
4406	393
4407	3
4408	63
4409	294
4410	94
4411	278
4412	238
4413	15
4414	231
4415	391
4416	92
4417	6
4418	223
4419	107
4420	361
4421	297
4422	311
4423	86
4424	25
4425	95
4426	26
4427	103
4428	306
4429	235
4430	244
4431	103
4432	310
4433	8
4434	220
4435	89
4436	220
4437	394
4438	144
4439	288
4440	313
4441	215
4442	120
4443	5
4444	314
4445	163
4446	294
4447	352
4448	202
4449	126
4450	404
4451	373
4452	219
4453	138
4454	304
4455	61
4456	8
4457	213
4458	18
4459	280
4460	390
4461	211
4462	126
4463	10
4464	311
4465	238
4466	324
4467	343
4468	25
4469	367
4470	272
4471	184
4472	197
4473	358
4474	10
4475	199
4476	196
4477	232
4478	212
4479	158
4480	283
4481	224
4482	295
4483	163
4484	24
4485	286
4486	58
4487	293
4488	107
4489	177
4490	196
4491	278
4492	244
4493	90
4494	229
4495	363
4496	113
4497	357
4498	251
4499	16
4500	245
4501	189
4502	353
4503	127
4504	30
4505	377
4506	144
4507	244
4508	343
4509	46
4510	207
4511	366
4512	81
4513	159
4514	97
4515	71
4516	289
4517	360
4518	227
4519	177
4520	190
4521	395
4522	280
4523	174
4524	50
4525	367
4526	1
4527	332
4528	245
4529	29
4530	237
4531	92
4532	315
4533	295
4534	372
4535	180
4536	23
4537	34
4538	3
4539	79
4540	189
4541	158
4542	346
4543	111
4544	357
4545	3
4546	86
4547	199
4548	80
4549	90
4550	79
4551	186
4552	178
4553	94
4554	135
4555	131
4556	310
4557	63
4558	135
4559	229
4560	25
4561	346
4562	25
4563	105
4564	123
4565	273
4566	124
4567	372
4568	169
4569	188
4570	283
4571	243
4572	327
4573	310
4574	329
4575	308
4576	81
4577	241
4578	187
4579	257
4580	118
4581	80
4582	314
4583	99
4584	330
4585	306
4586	319
4587	5
4588	271
4589	177
4590	136
4591	136
4592	170
4593	59
4594	10
4595	98
4596	18
4597	302
4598	294
4599	341
4600	387
4601	398
4602	89
4603	382
4604	359
4605	26
4606	136
4607	11
4608	158
4609	212
4610	69
4611	8
4612	117
4613	284
4614	394
4615	361
4616	36
4617	111
4618	269
4619	308
4620	8
4621	355
4622	35
4623	159
4624	176
4625	18
4626	151
4627	110
4628	396
4629	395
4630	259
4631	333
4632	378
4633	5
4634	247
4635	250
4636	316
4637	171
4638	56
4639	380
4640	292
4641	59
4642	112
4643	31
4644	302
4645	26
4646	388
4647	160
4648	111
4649	108
4650	83
4651	216
4652	294
4653	213
4654	66
4655	333
4656	388
4657	292
4658	118
4659	92
4660	108
4661	69
4662	78
4663	305
4664	155
4665	399
4666	80
4667	309
4668	148
4669	94
4670	145
4671	186
4672	297
4673	333
4674	395
4675	274
4676	93
4677	292
4678	393
4679	247
4680	349
4681	92
4682	125
4683	369
4684	305
4685	58
4686	329
4687	127
4688	387
4689	127
4690	111
4691	355
4692	94
4693	72
4694	230
4695	95
4696	62
4697	309
4698	34
4699	399
4700	296
4701	341
4702	377
4703	90
4704	160
4705	172
4706	309
4707	229
4708	331
4709	27
4710	163
4711	239
4712	216
4713	15
4714	42
4715	39
4716	74
4717	297
4718	118
4719	317
4720	348
4721	229
4722	22
4723	197
4724	94
4725	247
4726	38
4727	168
4728	215
4729	6
4730	346
4731	30
4732	263
4733	178
4734	113
4735	286
4736	391
4737	178
4738	388
4739	325
4740	319
4741	138
4742	241
4743	201
4744	379
4745	375
4746	252
4747	253
4748	212
4749	169
4750	8
4751	399
4752	127
4753	1
4754	336
4755	253
4756	4
4757	305
4758	51
4759	197
4760	271
4761	395
4762	391
4763	61
4764	51
4765	296
4766	223
4767	39
4768	192
4769	151
4770	357
4771	280
4772	99
4773	300
4774	370
4775	374
4776	109
4777	336
4778	191
4779	188
4780	111
4781	274
4782	95
4783	155
4784	309
4785	172
4786	405
4787	212
4788	211
4789	360
4790	60
4791	297
4792	395
4793	291
4794	50
4795	390
4796	352
4797	295
4798	225
4799	99
4800	314
4801	272
4802	313
4803	382
4804	9
4805	254
4806	174
4807	390
4808	52
4809	168
4810	289
4811	270
4812	350
4813	269
4814	325
4815	83
4816	309
4817	121
4818	22
4819	15
4820	206
4821	169
4822	329
4823	210
4824	348
4825	221
4826	342
4827	369
4828	72
4829	61
4830	212
4831	229
4832	135
4833	157
4834	17
4835	254
4836	22
4837	55
4838	389
4839	15
4840	65
4841	79
4842	202
4843	304
4844	163
4845	268
4846	22
4847	163
4848	15
4849	219
4850	377
4851	248
4852	111
4853	178
4854	9
4855	5
4856	231
4857	113
4858	102
4859	393
4860	4
4861	135
4862	271
4863	187
4864	309
4865	349
4866	151
4867	15
4868	168
4869	267
4870	386
4871	138
4872	253
4873	98
4874	81
4875	349
4876	98
4877	237
4878	193
4879	161
4880	170
4881	74
4882	102
4883	124
4884	214
4885	357
4886	378
4887	159
4888	404
4889	99
4890	230
4891	383
4892	108
4893	396
4894	294
4895	291
4896	304
4897	370
4898	21
4899	394
4900	258
4901	343
4902	151
4903	342
4904	252
4905	198
4906	77
4907	230
4908	391
4909	333
4910	370
4911	83
4912	303
4913	217
4914	393
4915	395
4916	153
4917	269
4918	366
4919	38
4920	356
4921	370
4922	90
4923	310
4924	360
4925	209
4926	10
4927	201
4928	291
4929	258
4930	140
4931	210
4932	404
4933	235
4934	158
4935	21
4936	37
4937	9
4938	161
4939	382
4940	193
4941	273
4942	336
4943	397
4944	12
4945	52
4946	74
4947	66
4948	370
4949	16
4950	300
4951	24
4952	211
4953	62
4954	9
4955	237
4956	157
4957	64
4958	221
4959	194
4960	380
4961	64
4962	48
4963	93
4964	283
4965	202
4966	15
4967	125
4968	291
4969	15
4970	252
4971	378
4972	229
4973	191
4974	321
4975	293
4976	198
4977	167
4978	17
4979	231
4980	316
4981	48
4982	41
4983	174
4984	148
4985	15
4986	296
4987	296
4988	382
4989	78
4990	396
4991	16
4992	232
4993	37
4994	121
4995	292
4996	305
4997	204
4998	353
4999	194
5000	232
5001	258
5002	291
5003	54
5004	332
5005	92
5006	308
5007	240
5008	224
5009	8
5010	286
5011	270
5012	123
5013	66
5014	192
5015	207
5016	351
5017	95
5018	286
5019	213
5020	184
5021	397
5022	362
5023	42
5024	129
5025	121
5026	300
5027	38
5028	123
5029	346
5030	74
5031	369
5032	22
5033	393
5034	221
5035	95
5036	343
5037	93
5038	181
5039	273
5040	235
5041	156
5042	253
5043	258
5044	221
5045	78
5046	223
5047	316
5048	267
5049	381
5050	310
5051	159
5052	83
5053	52
5054	31
5055	167
5056	41
5057	140
5058	16
5059	172
5060	366
5061	242
5062	215
5063	369
5064	271
5065	385
5066	3
5067	131
5068	184
5069	361
5070	241
5071	125
5072	31
5073	343
5074	48
5075	89
5076	102
5077	125
5078	55
5079	85
5080	137
5081	187
5082	112
5083	215
5084	268
5085	160
5086	141
5087	145
5088	216
5089	161
5090	190
5091	391
5092	272
5093	304
5094	297
5095	369
5096	306
5097	231
5098	110
5099	17
5100	272
5101	32
5102	111
5103	123
5104	186
5105	52
5106	21
5107	283
5108	207
5109	148
5110	341
5111	238
5112	313
5113	358
5114	47
5115	274
5116	71
5117	276
5118	49
5119	363
5120	90
5121	212
5122	404
5123	175
5124	157
5125	305
5126	168
5127	224
5128	341
5129	404
5130	121
5131	377
5132	46
5133	241
5134	189
5135	124
5136	169
5137	3
5138	172
5139	159
5140	215
5141	343
5142	372
5143	388
5144	148
5145	348
5146	316
5147	255
5148	237
5149	3
5150	363
5151	36
5152	395
5153	197
5154	212
5155	340
5156	317
5157	162
5158	123
5159	369
5160	158
5161	380
5162	245
5163	210
5164	340
5165	32
5166	162
5167	305
5168	1
5169	387
5170	361
5171	278
5172	377
5173	31
5174	101
5175	333
5176	166
5177	156
5178	369
5179	98
5180	230
5181	383
5182	223
5183	12
5184	405
5185	370
5186	379
5187	270
5188	196
5189	405
5190	211
5191	92
5192	366
5193	140
5194	61
5195	212
5196	196
5197	219
5198	6
5199	304
5200	4
5201	397
5202	54
5203	36
5204	386
5205	44
5206	163
5207	276
5208	211
5209	375
5210	122
5211	139
5212	126
5213	227
5214	196
5215	332
5216	319
5217	190
5218	210
5219	155
5220	333
5221	223
5222	380
5223	51
5224	168
5225	192
5226	317
5227	41
5228	72
5229	333
5230	170
5231	51
5232	232
5233	393
5234	362
5235	280
5236	92
5237	159
5238	97
5239	193
5240	163
5241	102
5242	276
5243	41
5244	117
5245	124
5246	39
5247	31
5248	214
5249	105
5250	369
5251	214
5252	71
5253	207
5254	81
5255	139
5256	258
5257	217
5258	69
5259	224
5260	192
5261	200
5262	38
5263	390
5264	111
5265	17
5266	356
5267	310
5268	379
5269	245
5270	82
5271	125
5272	30
5273	206
5274	35
5275	325
5276	64
5277	122
5278	341
5279	94
5280	221
5281	94
5282	332
5283	103
5284	15
5285	101
5286	166
5287	78
5288	96
5289	301
5290	193
5291	372
5292	51
5293	62
5294	151
5295	64
5296	17
5297	386
5298	202
5299	109
5300	24
5301	102
5302	304
5303	194
5304	144
5305	206
5306	107
5307	319
5308	306
5309	140
5310	181
5311	187
5312	351
5313	172
5314	53
5315	336
5316	36
5317	369
5318	110
5319	196
5320	82
5321	289
5322	263
5323	386
5324	175
5325	333
5326	53
5327	361
5328	324
5329	210
5330	283
5331	12
5332	374
5333	223
5334	237
5335	78
5336	375
5337	122
5338	22
5339	158
5340	99
5341	141
5342	308
5343	196
5344	341
5345	278
5346	383
5347	207
5348	48
5349	175
5350	197
5351	161
5352	73
5353	394
5354	250
5355	313
5356	398
5357	242
5358	126
5359	362
5360	107
5361	171
5362	54
5363	85
5364	340
5365	393
5366	330
5367	330
5368	118
5369	1
5370	232
5371	231
5372	167
5373	69
5374	216
5375	282
5376	273
5377	389
5378	52
5379	362
5380	181
5381	151
5382	383
5383	221
5384	269
5385	242
5386	63
5387	363
5388	74
5389	137
5390	289
5391	304
5392	211
5393	135
5394	325
5395	90
5396	201
5397	86
5398	207
5399	174
5400	238
5401	118
5402	370
5403	156
5404	210
5405	98
5406	362
5407	168
5408	360
5409	169
5410	325
5411	373
5412	390
5413	25
5414	156
5415	394
5416	268
5417	60
5418	263
5419	346
5420	263
5421	151
5422	352
5423	161
5424	18
5425	163
5426	388
5427	99
5428	58
5429	223
5430	282
5431	252
5432	109
5433	302
5434	294
5435	51
5436	175
5437	109
5438	12
5439	129
5440	376
5441	293
5442	68
5443	302
5444	82
5445	315
5446	357
5447	196
5448	18
5449	398
5450	235
5451	109
5452	172
5453	240
5454	188
5455	155
5456	157
5457	280
5458	18
5459	86
5460	386
5461	267
5462	374
5463	170
5464	224
5465	383
5466	216
5467	187
5468	214
5469	327
5470	3
5471	101
5472	232
5473	398
5474	332
5475	207
5476	325
5477	64
5478	188
5479	382
5480	52
5481	225
5482	204
5483	309
5484	379
5485	72
5486	28
5487	78
5488	186
5489	405
5490	274
5491	235
5492	206
5493	315
5494	280
5495	107
5496	375
5497	166
5498	282
5499	374
5500	198
5501	41
5502	380
5503	24
5504	186
5505	166
5506	258
5507	98
5508	4
5509	319
5510	194
5511	257
5512	112
5513	175
5514	378
5515	388
5516	21
5517	271
5518	191
5519	167
5520	343
5521	137
5522	151
5523	78
5524	300
5525	313
5526	244
5527	321
5528	233
5529	25
5530	61
5531	138
5532	160
5533	342
5534	138
5535	25
5536	198
5537	4
5538	39
5539	391
5540	121
5541	313
5542	363
5543	233
5544	315
5545	372
5546	315
5547	310
5548	385
5549	108
5550	224
5551	317
5552	302
5553	144
5554	137
5555	78
5556	48
5557	69
5558	30
5559	269
5560	374
5561	327
5562	112
5563	32
5564	247
5565	213
5566	171
5567	148
5568	27
5569	294
5570	52
5571	49
5572	113
5573	141
5574	90
5575	303
5576	240
5577	241
5578	138
5579	117
5580	317
5581	38
5582	321
5583	161
5584	229
5585	194
5586	248
5587	359
5588	268
5589	330
5590	240
5591	273
5592	191
5593	17
5594	63
5595	4
5596	72
5597	113
5598	18
5599	93
5600	307
5601	304
5602	220
5603	301
5604	374
5605	282
5606	53
5607	96
5608	130
5609	157
5610	213
5611	217
5612	30
5613	124
5614	16
5615	397
5616	308
5617	18
5618	36
5619	346
5620	376
5621	286
5622	220
5623	278
5624	12
5625	120
5626	209
5627	160
5628	379
5629	68
5630	53
5631	342
5632	310
5633	320
5634	353
5635	340
5636	156
5637	233
5638	303
5639	217
5640	232
5641	219
5642	237
5643	223
5644	325
5645	174
5646	305
5647	255
5648	282
5649	274
5650	352
5651	89
5652	178
5653	99
5654	399
5655	48
5656	55
5657	386
5658	46
5659	342
5660	308
5661	169
5662	44
5663	171
5664	214
5665	385
5666	63
5667	30
5668	80
5669	352
5670	276
5671	369
5672	263
5673	52
5674	333
5675	65
5676	60
5677	186
5678	198
5679	16
5680	159
5681	235
5682	174
5683	278
5684	224
5685	258
5686	78
5687	131
5688	51
5689	363
5690	102
5691	24
5692	156
5693	32
5694	333
5695	206
5696	206
5697	307
5698	342
5699	28
5700	130
5701	161
5702	247
5703	194
5704	340
5705	190
5706	349
5707	41
5708	223
5709	385
5710	48
5711	359
5712	49
5713	39
5714	341
5715	25
5716	329
5717	372
5718	55
5719	41
5720	393
5721	356
5722	274
5723	170
5724	68
5725	225
5726	110
5727	157
5728	394
5729	242
5730	278
5731	81
5732	332
5733	107
5734	267
5735	162
5736	293
5737	360
5738	405
5739	386
5740	245
5741	95
5742	190
5743	126
5744	315
5745	60
5746	301
5747	78
5748	27
5749	103
5750	48
5751	48
5752	381
5753	156
5754	289
5755	61
5756	22
5757	140
5758	160
5759	386
5760	220
5761	332
5762	186
5763	219
5764	32
5765	108
5766	172
5767	316
5768	194
5769	124
5770	255
5771	71
5772	303
5773	122
5774	321
5775	252
5776	308
5777	313
5778	130
5779	380
5780	90
5781	101
5782	187
5783	361
5784	301
5785	105
5786	252
5787	169
5788	108
5789	141
5790	348
5791	388
5792	280
5793	221
5794	64
5795	198
5796	197
5797	305
5798	63
5799	201
5800	86
5801	359
5802	296
5803	110
5804	387
5805	48
5806	155
5807	155
5808	163
5809	297
5810	220
5811	219
5812	293
5813	217
5814	374
5815	190
5816	387
5817	296
5818	24
5819	31
5820	324
5821	286
5822	383
5823	61
5824	225
5825	15
5826	348
5827	398
5828	175
5829	276
5830	240
5831	97
5832	358
5833	342
5834	200
5835	320
5836	58
5837	174
5838	223
5839	15
5840	77
5841	305
5842	98
5843	356
5844	162
5845	388
5846	141
5847	283
5848	252
5849	296
5850	282
5851	233
5852	10
5853	61
5854	187
5855	329
5856	24
5857	375
5858	319
5859	282
5860	37
5861	139
5862	320
5863	219
5864	108
5865	307
5866	93
5867	139
5868	316
5869	105
5870	170
5871	359
5872	362
5873	305
5874	356
5875	187
5876	171
5877	109
5878	55
5879	166
5880	263
5881	313
5882	51
5883	98
5884	319
5885	397
5886	39
5887	324
5888	393
5889	125
5890	358
5891	373
5892	200
5893	232
5894	348
5895	280
5896	302
5897	77
5898	124
5899	369
5900	206
5901	139
5902	120
5903	42
5904	215
5905	273
5906	280
5907	375
5908	351
5909	372
5910	148
5911	105
5912	120
5913	120
5914	250
5915	184
5916	136
5917	192
5918	276
5919	219
5920	46
5921	96
5922	117
5923	81
5924	181
5925	267
5926	131
5927	325
5928	4
5929	157
5930	177
5931	99
5932	142
5933	305
5934	135
5935	274
5936	69
5937	200
5938	217
5939	64
5940	71
5941	220
5942	113
5943	82
5944	390
5945	140
5946	130
5947	341
5948	58
5949	140
5950	10
5951	44
5952	15
5953	1
5954	171
5955	319
5956	78
5957	156
5958	204
5959	18
5960	200
5961	95
5962	130
5963	358
5964	55
5965	131
5966	151
5967	307
5968	121
5969	255
5970	36
5971	52
5972	110
5973	242
5974	44
5975	307
5976	12
5977	268
5978	51
5979	379
5980	192
5981	129
5982	98
5983	350
5984	187
5985	240
5986	101
5987	24
5988	360
5989	340
5990	303
5991	135
5992	127
5993	113
5994	120
5995	250
5996	101
5997	160
5998	113
5999	30
6000	310
6001	332
6002	242
6003	37
6004	204
6005	131
6006	54
6007	395
6008	366
6009	167
6010	160
6011	404
6012	385
6013	170
6014	39
6015	175
6016	343
6017	68
6018	151
6019	358
6020	286
6021	55
6022	90
6023	29
6024	137
6025	305
6026	223
6027	240
6028	21
6029	302
6030	61
6031	327
6032	137
6033	393
6034	102
6035	360
6036	389
6037	58
6038	144
6039	39
6040	131
6041	157
6042	351
6043	376
6044	59
6045	231
6046	239
6047	27
6048	336
6049	55
6050	54
6051	24
6052	200
6053	109
6054	63
6055	193
6056	59
6057	357
6058	35
6059	383
6060	16
6061	174
6062	127
6063	37
6064	245
6065	389
6066	93
6067	46
6068	319
6069	294
6070	360
6071	391
6072	383
6073	316
6074	117
6075	198
6076	242
6077	85
6078	111
6079	244
6080	122
6081	317
6082	397
6083	80
6084	296
6085	69
6086	383
6087	139
6088	85
6089	37
6090	321
6091	129
6092	109
6093	378
6094	219
6095	310
6096	156
6097	383
6098	245
6099	188
6100	64
6101	155
6102	86
6103	157
6104	78
6105	307
6106	191
6107	64
6108	97
6109	348
6110	111
6111	215
6112	242
6113	161
6114	163
6115	305
6116	80
6117	341
6118	197
6119	65
6120	112
6121	35
6122	73
6123	107
6124	327
6125	80
6126	343
6127	283
6128	93
6129	178
6130	141
6131	144
6132	389
6133	321
6134	24
6135	232
6136	4
6137	273
6138	380
6139	257
6140	17
6141	363
6142	118
6143	357
6144	130
6145	85
6146	98
6147	213
6148	367
6149	210
6150	121
6151	186
6152	356
6153	117
6154	341
6155	248
6156	196
6157	309
6158	239
6159	80
6160	217
6161	369
6162	219
6163	255
6164	46
6165	378
6166	387
6167	348
6168	325
6169	242
6170	126
6171	385
6172	268
6173	204
6174	184
6175	346
6176	248
6177	73
6178	94
6179	65
6180	186
6181	174
6182	198
6183	240
6184	29
6185	213
6186	361
6187	48
6188	357
6189	184
6190	42
6191	178
6192	112
6193	377
6194	117
6195	351
6196	141
6197	370
6198	359
6199	382
6200	351
6201	377
6202	17
6203	198
6204	378
6205	27
6206	3
6207	255
6208	302
6209	350
6210	352
6211	346
6212	390
6213	193
6214	219
6215	192
6216	320
6217	86
6218	235
6219	168
6220	162
6221	325
6222	36
6223	202
6224	310
6225	16
6226	81
6227	349
6228	381
6229	221
6230	42
6231	124
6232	18
6233	237
6234	28
6235	177
6236	386
6237	109
6238	161
6239	51
6240	157
6241	369
6242	27
6243	238
6244	237
6245	327
6246	346
6247	274
6248	157
6249	280
6250	307
6251	332
6252	4
6253	375
6254	210
6255	193
6256	201
6257	151
6258	390
6259	386
6260	227
6261	68
6262	358
6263	1
6264	124
6265	296
6266	166
6267	372
6268	240
6269	95
6270	257
6271	126
6272	177
6273	267
6274	42
6275	191
6276	29
6277	225
6278	197
6279	257
6280	21
6281	188
6282	141
6283	303
6284	362
6285	301
6286	31
6287	213
6288	118
6289	49
6290	386
6291	239
6292	58
6293	3
6294	108
6295	363
6296	137
6297	352
6298	1
6299	280
6300	293
6301	280
6302	200
6303	24
6304	105
6305	309
6306	171
6307	346
6308	68
6309	82
6310	225
6311	176
6312	35
6313	71
6314	21
6315	130
6316	250
6317	167
6318	101
6319	107
6320	284
6321	22
6322	141
6323	137
6324	348
6325	273
6326	204
6327	390
6328	86
6329	381
6330	235
6331	361
6332	398
6333	373
6334	374
6335	60
6336	111
6337	377
6338	296
6339	118
6340	278
6341	30
6342	389
6343	232
6344	340
6345	239
6346	202
6347	68
6348	369
6349	41
6350	201
6351	308
6352	197
6353	170
6354	233
6355	25
6356	377
6357	263
6358	215
6359	358
6360	121
6361	360
6362	283
6363	284
6364	330
6365	320
6366	120
6367	394
6368	125
6369	169
6370	59
6371	221
6372	233
6373	352
6374	350
6375	320
6376	244
6377	3
6378	297
6379	102
6380	131
6381	367
6382	58
6383	186
6384	186
6385	53
6386	348
6387	25
6388	240
6389	224
6390	359
6391	72
6392	136
6393	52
6394	191
6395	59
6396	349
6397	193
6398	192
6399	309
6400	224
6401	193
6402	404
6403	193
6404	175
6405	308
6406	357
6407	317
6408	102
6409	53
6410	389
6411	121
6412	188
6413	274
6414	39
6415	309
6416	235
6417	380
6418	389
6419	17
6420	351
6421	68
6422	25
6423	81
6424	289
6425	36
6426	375
6427	10
6428	167
6429	32
6430	113
6431	295
6432	217
6433	232
6434	227
6435	307
6436	213
6437	30
6438	74
6439	107
6440	192
6441	44
6442	315
6443	393
6444	369
6445	202
6446	379
6447	375
6448	388
6449	155
6450	257
6451	360
6452	122
6453	17
6454	18
6455	24
6456	131
6457	201
6458	225
6459	93
6460	31
6461	340
6462	289
6463	54
6464	121
6465	378
6466	255
6467	309
6468	220
6469	213
6470	349
6471	317
6472	255
6473	85
6474	176
6475	341
6476	89
6477	209
6478	36
6479	375
6480	216
6481	86
6482	301
6483	176
6484	85
6485	15
6486	94
6487	216
6488	253
6489	274
6490	329
6491	383
6492	282
6493	207
6494	240
6495	214
6496	127
6497	214
6498	209
6499	151
6500	394
6501	362
6502	168
6503	385
6504	343
6505	28
6506	380
6507	68
6508	177
6509	367
6510	398
6511	58
6512	351
6513	155
6514	138
6515	12
6516	60
6517	316
6518	363
6519	101
6520	72
6521	210
6522	393
6523	74
6524	127
6525	253
6526	129
6527	221
6528	389
6529	352
6530	30
6531	340
6532	167
6533	36
6534	177
6535	46
6536	126
6537	61
6538	387
6539	171
6540	357
6541	72
6542	362
6543	308
6544	232
6545	250
6546	395
6547	4
6548	86
6549	303
6550	112
6551	42
6552	188
6553	329
6554	64
6555	35
6556	295
6557	28
6558	398
6559	247
6560	125
6561	278
6562	276
6563	382
6564	130
6565	200
6566	61
6567	68
6568	351
6569	376
6570	141
6571	301
6572	378
6573	126
6574	209
6575	12
6576	162
6577	187
6578	282
6579	78
6580	73
6581	171
6582	273
6583	62
6584	69
6585	220
6586	78
6587	381
6588	176
6589	122
6590	350
6591	64
6592	276
6593	385
6594	44
6595	214
6596	94
6597	283
6598	78
6599	93
6600	32
6601	369
6602	393
6603	175
6604	348
6605	358
6606	193
6607	89
6608	15
6609	54
6610	169
6611	112
6612	220
6613	170
6614	16
6615	160
6616	305
6617	204
6618	201
6619	191
6620	310
6621	244
6622	73
6623	235
6624	391
6625	49
6626	257
6627	110
6628	247
6629	4
6630	278
6631	229
6632	52
6633	223
6634	379
6635	241
6636	186
6637	239
6638	213
6639	385
6640	332
6641	268
6642	245
6643	214
6644	360
6645	107
6646	283
6647	359
6648	138
6649	112
6650	64
6651	181
6652	127
6653	61
6654	361
6655	16
6656	160
6657	90
6658	53
6659	284
6660	362
6661	39
6662	24
6663	110
6664	381
6665	215
6666	3
6667	358
6668	156
6669	255
6670	202
6671	351
6672	109
6673	32
6674	404
6675	121
6676	327
6677	263
6678	389
6679	187
6680	343
6681	340
6682	61
6683	194
6684	175
6685	113
6686	348
6687	293
6688	221
6689	39
6690	24
6691	250
6692	377
6693	332
6694	200
6695	191
6696	276
6697	373
6698	158
6699	360
6700	44
6701	25
6702	99
6703	157
6704	194
6705	120
6706	305
6707	109
6708	138
6709	390
6710	250
6711	245
6712	58
6713	190
6714	263
6715	379
6716	101
6717	169
6718	18
6719	49
6720	361
6721	278
6722	377
6723	357
6724	72
6725	58
6726	385
6727	317
6728	113
6729	136
6730	62
6731	302
6732	41
6733	162
6734	32
6735	308
6736	327
6737	17
6738	340
6739	160
6740	395
6741	72
6742	366
6743	245
6744	373
6745	162
6746	197
6747	253
6748	118
6749	240
6750	207
6751	394
6752	78
6753	41
6754	250
6755	25
6756	388
6757	137
6758	1
6759	110
6760	138
6761	363
6762	126
6763	204
6764	210
6765	177
6766	71
6767	42
6768	379
6769	332
6770	60
6771	1
6772	4
6773	200
6774	255
6775	71
6776	36
6777	27
6778	157
6779	397
6780	161
6781	181
6782	55
6783	31
6784	342
6785	46
6786	283
6787	95
6788	255
6789	235
6790	224
6791	142
6792	227
6793	362
6794	64
6795	15
6796	201
6797	398
6798	28
6799	378
6800	220
6801	60
6802	69
6803	363
6804	386
6805	49
6806	327
6807	212
6808	121
6809	242
6810	229
6811	390
6812	372
6813	377
6814	125
6815	358
6816	92
6817	196
6818	102
6819	64
6820	36
6821	196
6822	227
6823	274
6824	85
6825	131
6826	193
6827	10
6828	129
6829	155
6830	120
6831	29
6832	273
6833	54
6834	178
6835	131
6836	349
6837	352
6838	99
6839	214
6840	97
6841	394
6842	268
6843	395
6844	96
6845	382
6846	341
6847	52
6848	210
6849	229
6850	309
6851	366
6852	390
6853	398
6854	214
6855	295
6856	110
6857	283
6858	286
6859	80
6860	329
6861	73
6862	155
6863	136
6864	352
6865	359
6866	49
6867	187
6868	302
6869	22
6870	193
6871	394
6872	404
6873	62
6874	71
6875	229
6876	385
6877	257
6878	107
6879	307
6880	244
6881	59
6882	309
6883	160
6884	86
6885	302
6886	192
6887	16
6888	374
6889	357
6890	310
6891	332
6892	160
6893	351
6894	227
6895	109
6896	85
6897	194
6898	363
6899	386
6900	210
6901	273
6902	233
6903	309
6904	232
6905	235
6906	129
6907	187
6908	244
6909	289
6910	379
6911	201
6912	223
6913	362
6914	297
6915	348
6916	360
6917	109
6918	90
6919	214
6920	346
6921	247
6922	99
6923	340
6924	225
6925	360
6926	320
6927	198
6928	308
6929	198
6930	17
6931	250
6932	85
6933	248
6934	255
6935	235
6936	112
6937	1
6938	59
6939	127
6940	107
6941	293
6942	48
6943	90
6944	127
6945	216
6946	158
6947	263
6948	177
6949	375
6950	320
6951	346
6952	196
6953	51
6954	54
6955	284
6956	240
6957	379
6958	225
6959	389
6960	124
6961	85
6962	207
6963	113
6964	90
6965	113
6966	60
6967	315
6968	386
6969	274
6970	3
6971	108
6972	383
6973	158
6974	229
6975	253
6976	387
6977	212
6978	358
6979	329
6980	381
6981	302
6982	388
6983	209
6984	352
6985	80
6986	268
6987	200
6988	41
6989	342
6990	103
6991	202
6992	386
6993	191
6994	93
6995	27
6996	397
6997	61
6998	224
6999	382
7000	95
7001	85
7002	366
7003	303
7004	394
7005	381
7006	194
7007	237
7008	44
7009	327
7010	137
7011	90
7012	16
7013	93
7014	247
7015	209
7016	103
7017	278
7018	35
7019	321
7020	82
7021	3
7022	349
7023	30
7024	110
7025	310
7026	367
7027	126
7028	232
7029	404
7030	202
7031	97
7032	176
7033	213
7034	159
7035	17
7036	1
7037	330
7038	27
7039	321
7040	273
7041	120
7042	110
7043	245
7044	320
7045	110
7046	29
7047	283
7048	360
7049	41
7050	232
7051	92
7052	376
7053	207
7054	130
7055	332
7056	109
7057	329
7058	198
7059	231
7060	137
7061	227
7062	190
7063	92
7064	352
7065	93
7066	17
7067	31
7068	111
7069	73
7070	231
7071	212
7072	361
7073	18
7074	37
7075	247
7076	178
7077	278
7078	390
7079	375
7080	376
7081	41
7082	1
7083	376
7084	213
7085	363
7086	72
7087	41
7088	160
7089	201
7090	129
7091	107
7092	366
7093	178
7094	81
7095	321
7096	321
7097	360
7098	393
7099	52
7100	85
7101	295
7102	227
7103	359
7104	141
7105	320
7106	273
7107	161
7108	81
7109	176
7110	25
7111	350
7112	374
7113	321
7114	162
7115	350
7116	276
7117	348
7118	217
7119	94
7120	332
7121	244
7122	276
7123	138
7124	212
7125	59
7126	273
7127	223
7128	229
7129	177
7130	27
7131	398
7132	343
7133	167
7134	92
7135	35
7136	28
7137	376
7138	102
7139	18
7140	248
7141	361
7142	241
7143	273
7144	175
7145	273
7146	391
7147	283
7148	200
7149	274
7150	351
7151	404
7152	379
7153	52
7154	196
7155	103
7156	216
7157	235
7158	52
7159	89
7160	209
7161	386
7162	177
7163	74
7164	398
7165	81
7166	159
7167	307
7168	35
7169	25
7170	103
7171	110
7172	349
7173	221
7174	212
7175	283
7176	383
7177	37
7178	257
7179	302
7180	53
7181	351
7182	53
7183	44
7184	342
7185	223
7186	39
7187	27
7188	194
7189	92
7190	308
7191	257
7192	247
7193	49
7194	317
7195	18
7196	198
7197	257
7198	196
7199	284
7200	202
7201	107
7202	108
7203	387
7204	190
7205	103
7206	309
7207	101
7208	190
7209	85
7210	71
7211	109
7212	103
7213	201
7214	107
7215	186
7216	160
7217	376
7218	329
7219	95
7220	212
7221	48
7222	21
7223	124
7224	374
7225	25
7226	72
7227	332
7228	82
7229	103
7230	69
7231	317
7232	376
7233	105
7234	268
7235	296
7236	160
7237	198
7238	303
7239	309
7240	359
7241	28
7242	227
7243	332
7244	391
7245	12
7246	336
7247	124
7248	253
7249	41
7250	127
7251	342
7252	126
7253	217
7254	190
7255	240
7256	221
7257	22
7258	170
7259	130
7260	118
7261	142
7262	268
7263	30
7264	320
7265	93
7266	389
7267	341
7268	330
7269	4
7270	176
7271	373
7272	381
7273	94
7274	223
7275	110
7276	349
7277	71
7278	248
7279	377
7280	138
7281	217
7282	317
7283	159
7284	235
7285	105
7286	54
7287	160
7288	237
7289	386
7290	231
7291	176
7292	127
7293	373
7294	27
7295	24
7296	120
7297	191
7298	233
7299	95
7300	98
7301	235
7302	105
7303	161
7304	378
7305	108
7306	375
7307	393
7308	42
7309	142
7310	360
7311	358
7312	18
7313	358
7314	103
7315	31
7316	37
7317	72
7318	215
7319	52
7320	71
7321	366
7322	142
7323	55
7324	3
7325	348
7326	49
7327	69
7328	268
7329	310
7330	155
7331	25
7332	46
7333	197
7334	28
7335	99
7336	156
7337	167
7338	332
7339	21
7340	387
7341	248
7342	94
7343	32
7344	350
7345	283
7346	171
7347	18
7348	224
7349	383
7350	284
7351	232
7352	310
7353	58
7354	97
7355	329
7356	96
7357	224
7358	263
7359	257
7360	74
7361	229
7362	198
7363	157
7364	81
7365	136
7366	295
7367	245
7368	359
7369	18
7370	215
7371	137
7372	121
7373	321
7374	136
7375	217
7376	286
7377	17
7378	245
7379	107
7380	142
7381	363
7382	99
7383	376
7384	274
7385	54
7386	378
7387	348
7388	21
7389	171
7390	343
7391	201
7392	48
7393	237
7394	157
7395	129
7396	273
7397	29
7398	69
7399	350
7400	30
7401	136
7402	93
7403	22
7404	204
7405	102
7406	302
7407	336
7408	237
7409	232
7410	32
7411	201
7412	398
7413	37
7414	29
7415	393
7416	141
7417	122
7418	250
7419	124
7420	121
7421	60
7422	58
7423	157
7424	151
7425	4
7426	248
7427	198
7428	74
7429	55
7430	21
7431	157
7432	193
7433	389
7434	233
7435	159
7436	224
7437	159
7438	232
7439	28
7440	39
7441	283
7442	169
7443	341
7444	122
7445	3
7446	297
7447	178
7448	32
7449	363
7450	191
7451	101
7452	240
7453	121
7454	90
7455	53
7456	278
7457	41
7458	25
7459	351
7460	102
7461	366
7462	32
7463	191
7464	210
7465	97
7466	30
7467	118
7468	22
7469	197
7470	21
7471	58
7472	295
7473	101
7474	201
7475	295
7476	59
7477	29
7478	289
7479	51
7480	394
7481	62
7482	194
7483	127
7484	397
7485	25
7486	245
7487	244
7488	297
7489	398
7490	367
7491	158
7492	49
7493	86
7494	27
7495	103
7496	187
7497	209
7498	346
7499	35
7500	308
7501	44
7502	112
7503	381
7504	177
7505	209
7506	22
7507	187
7508	293
7509	82
7510	130
7511	321
7512	167
7513	141
7514	170
7515	95
7516	321
7517	142
7518	46
7519	373
7520	159
7521	343
7522	247
7523	309
7524	175
7525	159
7526	62
7527	372
7528	231
7529	321
7530	58
7531	62
7532	177
7533	62
7534	54
7535	21
7536	263
7537	31
7538	231
7539	387
7540	62
7541	240
7542	157
7543	221
7544	198
7545	215
7546	101
7547	39
7548	307
7549	169
7550	187
7551	108
7552	1
7553	157
7554	212
7555	348
7556	37
7557	342
7558	309
7559	81
7560	99
7561	187
7562	204
7563	341
7564	286
7565	49
7566	233
7567	361
7568	27
7569	188
7570	48
7571	342
7572	379
7573	32
7574	99
7575	393
7576	188
7577	103
7578	10
7579	101
7580	248
7581	393
7582	293
7583	130
7584	317
7585	358
7586	118
7587	297
7588	217
7589	126
7590	142
7591	78
7592	71
7593	204
7594	241
7595	142
7596	98
7597	276
7598	386
7599	336
7600	31
7601	286
7602	229
7603	90
7604	382
7605	388
7606	317
7607	217
7608	241
7609	30
7610	142
7611	61
7612	361
7613	36
7614	307
7615	308
7616	89
7617	284
7618	209
7619	394
7620	388
7621	186
7622	376
7623	22
7624	381
7625	3
7626	10
7627	286
7628	358
7629	257
7630	170
7631	276
7632	366
7633	320
7634	372
7635	59
7636	244
7637	36
7638	351
7639	307
7640	18
7641	60
7642	374
7643	187
7644	89
7645	268
7646	391
7647	360
7648	381
7649	247
7650	29
7651	142
7652	10
7653	48
7654	29
7655	194
7656	158
7657	44
7658	215
7659	112
7660	330
7661	90
7662	276
7663	351
7664	379
7665	129
7666	101
7667	4
7668	127
7669	86
7670	310
7671	382
7672	229
7673	53
7674	159
7675	398
7676	158
7677	103
7678	12
7679	210
7680	321
7681	244
7682	231
7683	107
7684	374
7685	44
7686	263
7687	305
7688	118
7689	358
7690	16
7691	274
7692	381
7693	93
7694	54
7695	268
7696	367
7697	109
7698	31
7699	10
7700	170
7701	244
7702	379
7703	89
7704	85
7705	124
7706	10
7707	263
7708	74
7709	239
7710	30
7711	129
7712	122
7713	25
7714	307
7715	29
7716	329
7717	69
7718	99
7719	358
7720	207
7721	375
7722	320
7723	194
7724	96
7725	253
7726	241
7727	379
7728	108
7729	170
7730	379
7731	332
7732	121
7733	381
7734	55
7735	305
7736	289
7737	64
7738	71
7739	385
7740	321
7741	375
7742	343
7743	276
7744	315
7745	105
7746	62
7747	247
7748	348
7749	373
7750	375
7751	342
7752	231
7753	72
7754	329
7755	73
7756	307
7757	305
7758	215
7759	113
7760	257
7761	157
7762	198
7763	253
7764	130
7765	215
7766	374
7767	296
7768	377
7769	64
7770	186
7771	81
7772	62
7773	64
7774	342
7775	98
7776	151
7777	369
7778	3
7779	232
7780	257
7781	82
7782	162
7783	94
7784	381
7785	74
7786	257
7787	194
7788	276
7789	385
7790	367
7791	394
7792	341
7793	248
7794	64
7795	295
7796	129
7797	358
7798	283
7799	160
7800	379
7801	73
7802	159
7803	25
7804	201
7805	53
7806	42
7807	309
7808	109
7809	376
7810	341
7811	221
7812	253
7813	30
7814	60
7815	98
7816	204
7817	129
7818	240
7819	217
7820	317
7821	130
7822	36
7823	239
7824	289
7825	49
7826	141
7827	297
7828	105
7829	343
7830	244
7831	161
7832	342
7833	369
7834	289
7835	367
7836	37
7837	273
7838	373
7839	336
7840	89
7841	107
7842	170
7843	393
7844	398
7845	382
7846	58
7847	215
7848	112
7849	284
7850	391
7851	398
7852	387
7853	44
7854	386
7855	194
7856	78
7857	30
7858	37
7859	212
7860	210
7861	204
7862	78
7863	209
7864	317
7865	3
7866	72
7867	209
7868	241
7869	263
7870	350
7871	358
7872	255
7873	382
7874	376
7875	16
7876	309
7877	229
7878	374
7879	286
7880	284
7881	92
7882	193
7883	343
7884	36
7885	42
7886	105
7887	44
7888	245
7889	122
7890	241
7891	73
7892	336
7893	307
7894	186
7895	302
7896	74
7897	404
7898	90
7899	169
7900	232
7901	268
7902	113
7903	177
7904	359
7905	217
7906	53
7907	361
7908	58
7909	29
7910	90
7911	363
7912	151
7913	239
7914	284
7915	389
7916	102
7917	191
7918	268
7919	255
7920	98
7921	391
7922	394
7923	69
7924	357
7925	359
7926	191
7927	42
7928	289
7929	157
7930	383
7931	62
7932	263
7933	351
7934	130
7935	122
7936	253
7937	221
7938	85
7939	96
7940	157
7941	93
7942	224
7943	74
7944	250
7945	315
7946	296
7947	18
7948	385
7949	193
7950	193
7951	112
7952	49
7953	377
7954	297
7955	62
7956	101
7957	169
7958	86
7959	201
7960	151
7961	22
7962	389
7963	46
7964	391
7965	393
7966	89
7967	129
7968	217
7969	126
7970	310
7971	389
7972	389
7973	317
7974	158
7975	78
7976	224
7977	162
7978	317
7979	310
7980	383
7981	336
7982	46
7983	95
7984	360
7985	171
7986	233
7987	121
7988	315
7989	212
7990	60
7991	305
7992	92
7993	156
7994	1
7995	320
7996	320
7997	231
7998	161
7999	201
8000	397
8001	92
8002	390
8003	327
8004	212
8005	375
8006	274
8007	308
8008	362
8009	329
8010	98
8011	167
8012	53
8013	404
8014	229
8015	369
8016	387
8017	58
8018	362
8019	1
8020	3
8021	373
8022	62
8023	95
8024	257
8025	105
8026	387
8027	62
8028	387
8029	373
8030	130
8031	121
8032	204
8033	240
8034	25
8035	239
8036	280
8037	35
8038	129
8039	241
8040	224
8041	357
8042	268
8043	162
8044	390
8045	289
8046	53
8047	96
8048	257
8049	86
8050	309
8051	223
8052	142
8053	122
8054	302
8055	1
8056	239
8057	278
8058	366
8059	71
8060	64
8061	375
8062	276
8063	280
8064	159
8065	42
8066	212
8067	109
8068	138
8069	343
8070	297
8071	73
8072	358
8073	253
8074	49
8075	315
8076	112
8077	210
8078	341
8079	388
8080	122
8081	239
8082	167
8083	296
8084	30
8085	244
8086	317
8087	383
8088	289
8089	278
8090	157
8091	283
8092	53
8093	357
8094	86
8095	59
8096	367
8097	31
8098	207
8099	336
8100	101
8101	72
8102	244
8103	48
8104	160
8105	105
8106	372
8107	387
8108	186
8109	240
8110	341
8111	295
8112	240
8113	121
8114	390
8115	223
8116	35
8117	296
8118	46
8119	296
8120	373
8121	372
8122	46
8123	42
8124	21
8125	170
8126	109
8127	158
8128	42
8129	71
8130	126
8131	124
8132	276
8133	102
8134	310
8135	201
8136	223
8137	295
8138	386
8139	201
8140	73
8141	35
8142	85
8143	239
8144	29
8145	28
8146	239
8147	94
8148	4
8149	78
8150	42
8151	390
8152	215
8153	52
8154	101
8155	348
8156	250
8157	212
8158	280
8159	167
8160	39
8161	32
8162	309
8163	161
8164	231
8165	178
8166	29
8167	186
8168	92
8169	21
8170	388
8171	190
8172	397
8173	385
8174	30
8175	374
8176	109
8177	142
8178	257
8179	381
8180	156
8181	93
8182	27
8183	379
8184	388
8185	169
8186	379
8187	4
8188	263
8189	129
8190	255
8191	342
8192	315
8193	244
8194	142
8195	367
8196	342
8197	308
8198	391
8199	210
8200	239
8201	121
8202	171
8203	10
8204	60
8205	221
8206	250
8207	336
8208	32
8209	381
8210	320
8211	160
8212	167
8213	71
8214	268
8215	94
8216	349
8217	82
8218	351
8219	362
8220	359
8221	170
8222	321
8223	105
8224	46
8225	98
8226	295
8227	58
8228	357
8229	28
8230	394
8231	360
8232	31
8233	109
8234	390
8235	341
8236	176
8237	404
8238	96
8239	178
8240	22
8241	284
8242	151
8243	74
8244	121
8245	59
8246	27
8247	255
8248	349
8249	167
8250	297
8251	257
8252	210
8253	376
8254	69
8255	141
8256	360
8257	367
8258	167
8259	336
8260	289
8261	341
8262	141
8263	32
8264	35
8265	257
8266	95
8267	388
8268	362
8269	233
8270	161
8271	341
8272	99
8273	190
8274	46
8275	96
8276	309
8277	190
8278	207
8279	268
8280	186
8281	161
8282	233
8283	233
8284	379
8285	284
8286	162
8287	212
8288	94
8289	161
8290	383
8291	105
8292	343
8293	71
8294	35
8295	190
8296	207
8297	362
8298	310
8299	379
8300	321
8301	187
8302	141
8303	54
8304	94
8305	253
8306	72
8307	315
8308	160
8309	59
8310	327
8311	247
8312	105
8313	30
8314	215
8315	351
8316	284
8317	296
8318	232
8319	377
8320	156
8321	397
8322	397
8323	375
8324	375
8325	198
8326	44
8327	82
8328	81
8329	193
8330	241
8331	90
8332	31
8333	160
8334	93
8335	373
8336	297
8337	169
8338	62
8339	74
8340	53
8341	190
8342	240
8343	388
8344	86
8345	349
8346	390
8347	138
8348	377
8349	170
8350	171
8351	73
8352	69
8353	93
8354	74
8355	102
8356	35
8357	359
8358	71
8359	280
8360	193
8361	193
8362	382
8363	167
8364	167
8365	21
8366	187
8367	391
8368	359
8369	81
8370	186
8371	330
8372	374
8373	247
8374	359
8375	48
8376	296
8377	375
8378	388
8379	81
8380	78
8381	96
8382	62
8383	53
8384	82
8385	22
8386	204
8387	126
8388	342
8389	112
8390	30
8391	95
8392	247
8393	207
8394	210
8395	351
8396	124
8397	276
8398	157
8399	105
8400	357
8401	391
8402	161
8403	307
8404	54
8405	321
8406	295
8407	171
8408	330
8409	273
8410	362
8411	233
8412	49
8413	122
8414	210
8415	109
8416	48
8417	112
8418	39
8419	201
8420	92
8421	336
8422	233
8423	233
8424	169
8425	388
8426	151
8427	171
8428	30
8429	307
8430	362
8431	112
8432	394
8433	308
8434	308
8435	64
8436	204
8437	308
8438	201
8439	404
8440	349
8441	221
8442	307
8443	369
8444	170
8445	363
8446	280
8447	4
8448	30
8449	162
8450	233
8451	105
8452	90
8453	101
8454	74
8455	257
8456	357
8457	330
8458	307
8459	336
8460	160
8461	74
8462	30
8463	359
8464	241
8465	176
8466	207
8467	382
8468	210
8469	109
8470	89
8471	404
8472	215
8473	73
8474	22
8475	160
8476	118
8477	210
8478	162
8479	351
8480	71
8481	162
8482	289
8483	207
8484	320
8485	253
8486	122
8487	280
8488	289
8489	239
8490	359
8491	32
8492	54
8493	89
8494	169
8495	93
8496	78
8497	96
8498	44
8499	349
8500	160
8501	194
8502	362
8503	118
8504	31
8505	160
8506	367
8507	64
8508	93
8509	73
8510	194
8511	194
8512	92
8513	99
8514	307
8515	167
8516	151
8517	160
8518	59
8519	53
8520	186
8521	126
8522	394
8523	118
8524	99
8525	90
8526	58
8527	162
8528	42
8529	138
8530	357
8531	255
8532	387
8533	341
8534	284
8535	98
8536	359
8537	321
8538	247
8539	105
8540	124
8541	382
8542	212
8543	369
8544	274
8545	186
8546	229
8547	27
8548	374
8549	49
8550	95
8551	72
8552	31
8553	317
8554	118
8555	390
8556	341
8557	204
8558	162
8559	112
8560	397
8561	95
8562	105
8563	73
8564	207
8565	212
8566	124
8567	386
8568	31
8569	190
8570	59
8571	229
8572	138
8573	10
8574	122
8575	360
8576	122
8577	283
8578	342
8579	191
8580	42
8581	42
8582	295
8583	35
8584	138
8585	170
8586	359
8587	142
8588	201
8589	351
8590	126
8591	253
8592	194
8593	71
8594	286
8595	122
8596	341
8597	191
8598	89
8599	284
8600	157
8601	295
8602	122
8603	92
8604	54
8605	112
8606	386
8607	305
8608	240
8609	42
8610	39
8611	142
8612	42
8613	162
8614	191
8615	273
8616	253
8617	295
8618	320
8619	93
8620	142
8621	360
8622	36
8623	307
8624	46
8625	253
8626	295
8627	286
8628	64
8629	321
8630	284
8631	397
8632	315
8633	58
8634	387
8635	126
8636	112
8637	233
8638	54
8639	397
8640	357
8641	22
8642	394
8643	31
8644	62
8645	108
8646	315
8647	278
8648	176
8649	190
8650	69
8651	89
8652	283
8653	29
8654	158
8655	239
8656	321
8657	98
8658	138
8659	99
8660	120
8661	204
8662	42
8663	309
8664	94
8665	198
8666	379
8667	162
8668	367
8669	317
8670	3
8671	36
8672	315
8673	21
8674	360
8675	386
8676	176
8677	187
8678	54
8679	351
8680	374
8681	296
8682	178
8683	330
8684	22
8685	389
8686	158
8687	93
8688	253
8689	142
8690	389
8691	349
8692	360
8693	118
8694	49
8695	244
8696	46
8697	44
8698	39
8699	169
8700	54
8701	201
8702	95
8703	247
8704	98
8705	377
8706	48
8707	330
8708	48
8709	81
8710	53
8711	257
8712	382
8713	30
8714	349
8715	187
8716	283
8717	42
8718	305
8719	201
8720	101
8721	90
8722	257
8723	385
8724	95
8725	46
8726	244
8727	95
8728	307
8729	336
8730	82
8731	386
8732	64
8733	330
8734	29
8735	54
8736	81
8737	369
8738	233
8739	317
8740	69
8741	93
8742	109
8743	330
8744	221
8745	10
8746	212
8747	99
8748	109
8749	284
8750	95
8751	327
8752	391
8753	39
8754	160
8755	44
8756	170
8757	161
8758	385
8759	297
8760	126
8761	44
8762	64
8763	397
8764	193
8765	99
8766	71
8767	169
8768	321
8769	320
8770	221
8771	327
8772	167
8773	30
8774	297
8775	374
8776	170
8777	390
8778	369
8779	82
8780	176
8781	349
8782	369
8783	158
8784	171
8785	212
8786	207
8787	317
8788	94
8789	10
8790	141
8791	29
8792	141
8793	124
8794	247
8795	382
8796	36
8797	156
8798	194
8799	112
8800	305
8801	30
8802	374
8803	142
8804	320
8805	374
8806	295
8807	35
8808	305
8809	120
8810	121
8811	357
8812	390
8813	178
8814	86
8815	307
8816	296
8817	377
8818	363
8819	105
8820	32
8821	54
8822	250
8823	105
8824	309
8825	349
8826	327
8827	278
8828	233
8829	89
8830	96
8831	327
8832	321
8833	305
8834	108
8835	247
8836	387
8837	190
8838	377
8839	278
8840	120
8841	193
8842	383
8843	397
8844	49
8845	390
8846	53
8847	381
8848	379
8849	193
8850	327
8851	71
8852	327
8853	42
8854	201
8855	141
8856	53
8857	315
8858	90
8859	404
8860	121
8861	390
8862	46
8863	229
8864	126
8865	105
8866	382
8867	126
8868	289
8869	386
8870	46
8871	178
8872	362
8873	207
8874	157
8875	89
8876	284
8877	381
8878	244
8879	309
8880	357
8881	58
8882	161
8883	121
8884	42
8885	327
8886	190
8887	81
8888	327
8889	35
8890	315
8891	39
8892	349
8893	161
8894	81
8895	35
8896	35
8897	307
8898	255
8899	397
8900	363
8901	73
8902	82
8903	54
8904	36
8905	53
8906	250
8907	54
8908	201
8909	167
8910	161
8911	169
8912	239
8913	253
8914	54
8915	404
8916	255
8917	212
8918	191
8919	142
8920	39
8921	229
8922	90
8923	359
8924	191
8925	126
8926	46
8927	278
8928	391
8929	221
8930	273
8931	89
8932	273
8933	130
8934	49
8935	241
8936	10
8937	98
8938	327
8939	35
8940	391
8941	276
8942	363
8943	73
8944	367
8945	198
8946	96
8947	276
8948	295
8949	278
8950	317
8951	59
8952	142
8953	382
8954	96
8955	101
8956	36
8957	391
8958	241
8959	120
8960	241
8961	118
8962	250
8963	158
8964	176
8965	29
8966	274
8967	89
8968	383
8969	120
8970	367
8971	276
8972	374
8973	105
8974	126
8975	118
8976	22
8977	233
8978	391
8979	58
8980	221
8981	198
8982	49
8983	193
8984	190
8985	388
8986	190
8987	93
8988	95
8989	377
8990	89
8991	348
8992	386
8993	95
8994	169
8995	198
8996	390
8997	58
8998	108
8999	391
9000	239
9001	367
9002	90
9003	239
9004	385
9005	204
9006	204
9007	193
9008	274
9009	349
9010	53
9011	351
9012	379
9013	391
9014	382
9015	90
9016	36
9017	10
9018	64
9019	54
9020	93
9021	120
9022	397
9023	120
9024	363
9025	233
9026	351
9027	229
9028	60
9029	62
9030	221
9031	141
9032	167
9033	391
9034	93
9035	244
9036	90
9037	385
9038	274
9039	239
9040	284
9041	244
9042	89
9043	169
9044	241
9045	239
9046	204
9047	221
9048	359
9049	73
9050	387
9051	120
9052	382
9053	297
9054	336
9055	169
9056	348
9057	39
9058	404
9059	73
9060	215
9061	348
9062	59
9063	81
9064	391
9065	327
9066	327
9067	257
9068	130
9069	96
9070	367
9071	295
9072	367
9073	29
9074	374
9075	369
9076	330
9077	362
9078	176
9079	126
9080	142
9081	138
9082	221
9083	385
9084	250
9085	377
9086	35
9087	90
9088	60
9089	29
9090	278
9091	250
9092	53
9093	142
9094	363
9095	130
9096	169
9097	10
9098	215
9099	204
9100	369
9101	157
9102	60
9103	201
9104	383
9105	239
9106	382
9107	64
9108	239
9109	255
9110	138
9111	193
9112	158
9113	35
9114	167
9115	48
9116	98
9117	187
9118	360
9119	22
9120	278
9121	109
9122	255
9123	31
9124	284
9125	390
9126	386
9127	273
9128	289
9129	118
9130	201
9131	187
9132	96
9133	239
9134	167
9135	121
9136	215
9137	330
9138	157
9139	82
9140	253
9141	130
9142	327
9143	284
9144	341
9145	161
9146	387
9147	250
9148	44
9149	284
9150	130
9151	369
9152	142
9153	130
9154	201
9155	93
9156	359
9157	233
9158	158
9159	204
9160	336
9161	48
9162	362
9163	60
9164	201
9165	276
9166	363
9167	367
9168	169
9169	363
9170	274
9171	351
9172	289
9173	120
9174	130
9175	73
9176	60
9177	138
9178	64
9179	176
9180	59
9181	315
9182	121
9183	276
9184	120
9185	315
9186	167
9187	273
9188	233
9189	379
9190	161
9191	284
9192	142
9193	404
9194	212
9195	215
9196	73
9197	170
9198	89
9199	118
9200	212
9201	286
9202	377
9203	60
9204	98
9205	178
9206	274
9207	348
9208	187
9209	351
9210	93
9211	118
9212	404
9213	360
9214	379
9215	10
9216	204
9217	315
9218	377
9219	198
9220	404
9221	108
9222	253
9223	157
9224	118
9225	176
9226	95
9227	295
9228	348
9229	289
9230	386
9231	31
9232	62
9233	239
9234	73
9235	29
9236	64
9237	191
9238	284
9239	369
9240	198
9241	157
9242	286
9243	253
9244	81
9245	315
9246	390
9247	36
9248	404
9249	257
9250	101
9251	336
9252	44
9253	169
9254	369
9255	295
9256	157
9257	109
9258	388
9259	62
9260	158
9261	295
9262	257
9263	198
9264	289
9265	215
9266	387
9267	142
9268	295
9269	336
9270	357
9271	112
9272	161
9273	178
9274	90
9275	388
9276	255
9277	315
9278	274
9279	48
9280	44
9281	124
9282	257
9283	60
9284	233
9285	64
9286	198
9287	255
9288	112
9289	30
9290	96
9291	42
9292	187
9293	42
9294	141
9295	204
9296	187
9297	112
9298	124
9299	255
9300	73
9301	357
9302	255
9303	167
9304	357
9305	22
9306	64
9307	93
9308	379
9309	297
9310	169
9311	161
9312	108
9313	390
9314	178
9315	178
9316	124
9317	130
9318	101
9319	297
9320	278
9321	36
9322	250
9323	241
9324	369
9325	126
9326	31
9327	244
9328	89
9329	276
9330	158
9331	54
9332	22
9333	250
9334	176
9335	382
9336	388
9337	36
9338	204
9339	141
9340	141
9341	62
9342	284
9343	81
9344	44
9345	124
9346	121
9347	369
9348	36
9349	255
9350	190
9351	126
9352	369
9353	391
9354	142
9355	257
9356	161
9357	244
9358	22
9359	404
9360	59
9361	36
9362	377
9363	59
9364	109
9365	369
9366	204
9367	120
9368	221
9369	289
9370	212
9371	330
9372	130
9373	360
9374	388
9375	289
9376	278
9377	126
9378	382
9379	109
9380	29
9381	48
9382	321
9383	404
9384	297
9385	244
9386	82
9387	253
9388	90
9389	82
9390	204
9391	42
9392	48
9393	169
9394	377
9395	101
9396	190
9397	142
9398	81
9399	120
9400	221
9401	22
9402	255
9403	253
9404	215
9405	49
9406	142
9407	126
9408	348
9409	284
9410	274
9411	108
9412	10
9413	101
9414	257
9415	108
9416	321
9417	126
9418	36
9419	190
9420	274
9421	255
9422	112
9423	315
9424	274
9425	382
9426	390
9427	190
9428	284
9429	255
9430	244
9431	118
9432	286
9433	330
9434	176
9435	274
9436	90
9437	330
9438	391
9439	141
9440	169
9441	321
9442	59
9443	124
9444	142
9445	388
9446	385
9447	221
9448	250
9449	212
9450	48
9451	157
9452	169
9453	108
9454	244
9455	82
9456	297
9457	59
9458	29
9459	286
9460	297
9461	118
9462	404
9463	108
9464	239
9465	221
9466	93
9467	126
9468	60
9469	130
9470	295
9471	142
9472	369
9473	93
9474	109
9475	95
9476	44
9477	73
9478	142
9479	44
9480	90
9481	257
9482	212
9483	44
9484	42
9485	31
9486	167
9487	250
9488	73
9489	60
9490	82
9491	31
9492	44
9493	130
9494	90
9495	48
9496	109
9497	48
9498	198
9499	286
9500	141
9501	212
9502	124
9503	118
9504	59
9505	241
9506	348
9507	274
9508	360
9509	295
9510	101
9511	382
9512	221
9513	120
9514	96
9515	82
9516	244
9517	161
9518	359
9519	385
9520	60
9521	124
9522	118
9523	169
9524	62
9525	385
9526	93
9527	169
9528	362
9529	31
9530	330
9531	198
9532	274
9533	321
9534	60
9535	82
9536	112
9537	109
9538	369
9539	278
9540	48
9541	286
9542	170
9543	101
9544	108
9545	118
9546	221
9547	176
9548	286
9549	286
9550	391
9551	348
9552	29
9553	241
9554	120
9555	44
9556	178
9557	321
9558	286
9559	48
9560	90
9561	250
9562	244
9563	49
9564	29
9565	82
9566	315
9567	321
9568	295
9569	250
9570	170
9571	190
9572	369
9573	121
9574	221
9575	257
9576	190
9577	112
9578	178
9579	59
9580	204
9581	204
9582	96
9583	121
9584	121
9585	253
9586	96
9587	121
9588	167
9589	141
9590	297
9591	348
9592	244
9593	96
9594	60
9595	44
9596	404
9597	250
9598	382
9599	48
9600	36
9601	48
9602	29
9603	124
9604	31
9605	93
9606	169
9607	120
9608	96
9609	315
9610	118
9611	170
9612	178
9613	274
9614	176
9615	204
9616	31
9617	244
9618	286
9619	278
9620	62
9621	244
9622	215
9623	161
9624	60
9625	96
9626	390
9627	167
9628	359
9629	348
9630	108
9631	241
9632	42
9633	215
9634	108
9635	120
9636	60
9637	360
9638	250
9639	250
9640	167
9641	141
9642	124
9643	362
9644	369
9645	141
9646	286
9647	108
9648	241
9649	90
9650	360
9651	315
9652	48
9653	391
9654	48
9655	241
9656	29
9657	391
9658	169
9659	31
9660	176
9661	93
9662	60
9663	286
9664	112
9665	36
9666	178
9667	215
9668	391
9669	96
9670	167
9671	29
9672	62
9673	112
9674	118
9675	170
9676	315
9677	360
9678	62
9679	274
9680	201
9681	101
9682	118
9683	362
9684	297
9685	382
9686	118
9687	286
9688	390
9689	169
9690	141
9691	330
9692	390
9693	215
9694	348
9695	59
9696	31
9697	278
9698	59
9699	124
9700	176
9701	321
9702	29
9703	118
9704	321
9705	42
9706	60
9707	62
9708	120
9709	390
9710	124
9711	391
9712	278
9713	348
9714	124
9715	176
9716	404
9717	141
9718	257
9719	48
9720	201
9721	330
9722	390
9723	362
9724	112
9725	362
9726	321
9727	321
9728	90
9729	62
9730	108
9731	359
9732	321
9733	215
9734	404
9735	49
9736	167
9737	348
9738	112
9739	96
9740	359
9741	330
9742	141
9743	178
9744	118
9745	101
9746	112
9747	118
9748	201
9749	297
9750	215
9751	404
9752	59
9753	286
9754	101
9755	201
9756	390
9757	360
9758	118
9759	176
9760	286
9761	176
9762	90
9763	120
9764	108
9765	59
9766	391
9767	215
9768	362
9769	241
9770	315
9771	286
9772	241
9773	31
9774	96
9775	167
9776	330
9777	167
9778	49
9779	315
9780	348
9781	96
9782	348
9783	48
9784	390
9785	96
9786	178
9787	176
9788	60
9789	241
9790	286
9791	190
9792	330
9793	297
9794	348
9795	278
9796	59
9797	101
9798	241
9799	108
9800	359
9801	359
9802	278
9803	124
9804	201
9805	391
9806	176
9807	315
9808	31
9809	315
9810	161
9811	118
9812	321
9813	190
9814	241
9815	391
9816	215
9817	297
9818	215
9819	241
9820	141
9821	390
9822	49
9823	204
9824	176
9825	201
9826	348
9827	62
9828	49
9829	330
9830	60
9831	297
9832	101
9833	161
9834	48
9835	62
9836	215
9837	178
9838	178
9839	404
9840	141
9841	161
9842	257
9843	348
9844	391
9845	201
9846	141
9847	330
9848	369
9849	60
9850	108
9851	178
9852	215
9853	62
9854	59
9855	190
9856	297
9857	215
9858	215
9859	176
9860	257
9861	241
9862	257
9863	120
9864	297
9865	120
9866	59
9867	241
9868	62
9869	391
9870	274
9871	321
9872	362
9873	60
9874	161
9875	161
9876	297
9877	120
9878	31
9879	60
9880	330
9881	49
9882	167
9883	201
9884	108
9885	286
9886	286
9887	101
9888	31
9889	120
9890	190
9891	124
9892	274
9893	190
9894	101
9895	120
9896	62
9897	108
9898	362
9899	257
9900	278
9901	359
9902	101
9903	359
9904	391
9905	348
9906	297
9907	124
9908	391
9909	176
9910	161
9911	390
9912	178
9913	96
9914	31
9915	190
9916	96
9917	391
9918	108
9919	257
9920	120
9921	101
9922	31
9923	278
9924	330
9925	348
9926	178
9927	96
9928	118
9929	286
9930	178
9931	362
9932	362
9933	178
9934	359
9935	141
9936	257
9937	297
9938	141
9939	201
9940	274
9941	161
9942	241
9943	178
9944	348
9945	348
9946	108
9947	31
9948	297
9949	315
9950	190
9951	31
9952	59
9953	362
9954	201
9955	124
9956	101
9957	190
9958	274
9959	96
9960	297
9961	359
9962	348
9963	60
9964	362
9965	297
9966	274
9967	31
9968	390
9969	190
9970	369
9971	330
9972	190
9973	391
9974	178
9975	330
9976	274
9977	390
9978	167
9979	241
9980	241
9981	161
9982	330
9983	297
9984	274
9985	190
9986	176
9987	31
9988	161
9989	176
9990	330
9991	190
9992	362
9993	96
9994	297
9995	120
9996	362
9997	167
9998	190
9999	120
10000	60