127
11
161
191
24
133
30
50
46
45
1
115
167
188
138
54
17
94
114
137
166
14
196
33
194
109
2
164
119
3
164
126
188
138
59
90
34
138
147
62
24
164
149
198
139
59
71
159
92
193
166
181
161
127
192
1
130
77
140
189
135
33
88
43
32
127
49
13
89
95
169
174
33
98
42
144
68
136
138
13
180
173
55
120
158
102
27
118
19
84
16
135
163
144
91
82
77
160
149
94
20
2
171
90
194
188
51
97
59
170
12
50
201
192
161
47
140
83
32
163
198
84
9
6
80
193
45
193
201
100
50
55
31
153
173
11
151
163
148
67
184
33
73
41
45
41
166
162
6
161
180
166
182
88
193
51
133
47
187
5
72
161
166
175
83
178
101
163
49
42
59
1
198
19
137
146
178
116
2
74
55
171
139
135
167
144
99
24
139
47
94
90
27
155
196
29
171
108
194
166
152
188
29
166
57
19
73
135
194
47
137
76
99
85
190
18
65
201
152
68
159
158
73
37
136
192
77
9
26
117
20
110
192
50
100
24
16
20
118
97
77
92
45
96
36
181
155
154
24
109
178
55
161
91
96
135
51
39
55
98
178
204
153
55
119
159
194
164
50
38
140
108
197
108
139
16
122
49
127
32
192
29
73
65
150
159
70
138
168
4
89
11
201
34
78
88
27
189
100
90
114
116
94
57
144
23
138
78
178
67
31
77
24
74
162
41
45
16
135
16
159
181
73
100
178
187
67
77
160
33
81
164
177
139
66
101
135
93
83
3
41
75
164
144
177
164
198
59
25
70
14
55
49
129
192
73
194
90
144
188
130
86
99
192
7
72
145
8
166
155
159
94
23
98
79
31
164
90
72
55
68
50
139
194
129
163
188
163
90
156
116
166
51
73
99
194
144
4
130
159
202
191
142
59
190
109
24
94
86
157
175
186
163
104
67
144
42
25
57
163
203
139
157
166
194
90
77
67
130
33
150
24
62
69
176
201
139
29
79
137
123
144
192
73
77
189
74
87
178
159
10
95
56
100
14
144
59
187
7
146
182
186
127
36
93
153
75
177
138
26
49
143
190
61
33
177
135
4
126
66
103
96
87
118
200
12
177
19
185
106
138
135
36
66
73
135
132
88
71
138
159
33
193
31
41
113
62
159
59
62
101
7
202
104
53
174
64
123
164
141
78
187
7
94
122
140
35
172
35
74
33
39
100
150
130
92
131
202
16
69
139
118
110
3
55
15
110
59
28
47
118
174
138
204
194
9
148
189
177
75
204
84
108
90
84
164
33
192
198
163
197
34
106
96
163
178
110
72
156
192
81
77
24
59
129
167
60
56
118
36
77
149
146
69
110
63
48
133
146
165
66
45
98
107
98
61
161
152
125
118
93
70
131
15
149
131
147
65
186
130
60
170
67
154
125
204
75
28
70
16
18
145
48
31
54
95
88
102
185
26
21
34
94
26
146
9
149
112
127
74
20
110
39
92
46
51
80
91
178
25
98
182
78
3
56
62
18
111
51
105
42
193
151
189
90
65
39
189
46
187
16
193
19
21
39
154
91
190
158
165
73
120
168
37
83
41
167
102
62
199
25
11
102
132
202
196
25
32
44
83
181
82
152
71
66
170
161
103
191
45
175
85
9
47
74
41
174
108
184
128
40
109
44
97
124
139
55
116
14
99
44
5
3
188
157
171
94
88
199
71
54
88
187
60
29
201
65
29
11
133
133
54
114
180
50
116
152
53
110
165
45
71
151
160
100
35
11
201
134
155
165
113
193
165
7
149
9
80
86
34
65
67
7
129
5
189
9
67
141
34
134
47
1
61
132
86
124
172
98
60
92
143
118
61
13
80
16
145
161
2
20
118
8
198
132
191
52
137
64
142
169
130
160
74
188
65
201
63
47
76
128
156
57
149
204
42
58
4
106
34
83
143
149
107
37
150
1
155
56
45
185
8
97
198
112
201
112
39
35
183
57
85
107
93
167
58
21
172
56
76
122
22
14
78
40
118
37
25
185
178
187
50
88
102
24
92
152
66
29
170
14
61
203
51
45
1
131
71
134
141
35
85
36
152
69
172
169
79
145
123
97
199
42
97
78
12
103
23
71
37
182
49
16
146
168
92
190
155
198
198
134
9
4
20
42
154
141
102
45
45
188
157
165
94
140
49
111
109
60
189
188
43
152
58
196
174
50
44
175
111
8
88
120
110
67
115
63
16
22
185
165
173
78
104
76
152
166
140
32
143
182
198
202
48
65
86
79
98
160
174
14
173
123
195
189
121
2
111
52
131
14
96
178
1
199
58
109
51
134
200
204
172
161
123
168
199
15
84
101
68
110
132
121
174
92
133
88
82
28
19
57
119
3
44
197
60
2
168
124
125
58
102
161
69
76
2
13
51
97
133
48
200
22
196
38
130
54
11
167
106
83
48
71
52
44
99
25
3
190
104
86
56
64
98
101
200
127
103
175
47
125
65
60
119
102
113
101
88
118
84
43
62
52
123
113
104
64
61
11
26
176
62
32
19
177
126
79
4
149
169
129
97
122
125
46
36
127
99
146
27
96
37
97
54
61
168
170
127
35
87
149
66
81
131
95
145
86
83
142
5
76
41
43
113
160
37
188
187
42
195
12
110
113
121
111
171
126
35
103
65
199
197
106
78
28
49
42
158
27
93
123
124
179
66
63
148
6
158
179
200
141
167
48
17
131
113
79
14
28
93
95
64
123
67
203
78
64
149
134
133
132
201
102
17
65
124
190
134
173
117
147
148
25
78
183
130
37
69
38
5
111
94
15
74
46
181
136
11
3
102
103
68
69
11
142
195
98
123
28
160
43
76
160
93
54
107
190
31
30
143
50
44
52
25
96
154
106
69
189
113
183
198
91
35
105
83
37
128
20
185
36
186
104
102
160
175
43
69
157
113
1
23
151
99
66
31
32
137
96
72
56
203
19
70
111
126
82
43
145
65
191
157
196
175
113
10
54
40
171
197
30
83
184
125
48
69
95
169
110
46
136
126
190
50
202
170
186
156
40
136
112
4
200
111
145
183
21
21
97
38
122
170
157
127
25
190
145
37
5
122
136
152
109
95
81
92
67
19
67
48
167
83
72
21
18
108
92
195
136
25
96
141
134
177
84
190
60
113
93
97
179
105
106
157
105
87
22
171
14
162
134
95
153
7
91
185
201
32
68
98
114
98
134
130
113
196
25
87
29
30
182
199
96
80
168
187
191
92
103
14
146
129
76
6
60
100
76
31
63
63
161
54
137
168
52
21
180
57
66
155
63
51
27
171
51
174
13
99
39
48
126
178
204
197
60
162
120
80
201
115
40
66
44
83
39
5
191
88
28
149
160
82
145
71
115
97
196
4
2
57
171
161
27
174
107
37
13
47
49
109
7
99
169
131
145
64
134
121
48
79
132
168
98
36
9
100
60
195
176
183
56
196
34
167
78
204
58
51
176
104
6
116
89
1
42
23
11
125
5
34
97
145
105
157
20
141
107
154
181
7
79
151
20
127
19
185
173
95
103
3
63
41
69
68
48
82
156
112
147
23
76
75
106
54
156
37
53
172
173
152
11
80
35
85
161
172
29
150
85
171
199
195
175
121
130
6
39
43
30
145
147
82
84
36
26
143
177
75
49
14
84
29
92
167
122
52
49
182
128
181
40
101
99
123
130
99
178
57
30
70
92
1
112
3
31
53
130
176
203
84
75
74
80
105
143
183
86
147
48
197
39
104
178
177
62
30
104
42
174
129
30
101
180
174
189
183
156
102
39
57
23
26
26
32
200
117
151
185
32
119
46
154
82
71
154
96
56
153
42
180
151
63
203
108
155
101
200
72
153
167
75
124
13
179
82
132
190
23
126
89
103
40
72
177
104
56
101
82
47
39
57
104
197
58
127
79
134
86
60
117
152
121
76
145
181
43
69
108
60
137
129
31
203
47
75
162
136
181
179
148
96
53
2
178
155
69
36
156
43
34
51
7
108
84
95
183
66
165
97
108
78
117
148
84
72
137
40
100
179
118
61
118
53
72
118
85
108
146
103
62
8
154
61
68
45
4
108
44
150
114
45
72
169
41
38
114
95
104
131
17
76
68
170
146
79
21
56
189
3
82
63
52
115
84
186
117
89
165
133
101
84
162
68
36
126
61
68
140
186
186
96
185
196
140
175
121
28
95
182
187
157
189
87
151
156
125
37
151
112
40
136
137
158
160
7
27
151
19
153
27
154
189
119
150
158
74
27
162
46
22
155
82
98
175
10
82
187
123
84
19
197
76
63
156
155
185
189
156
137
82
125
35
175
95
36
204
187
5
9
63
175
117
21
98
137
3
129
177
120
39
79
119
108
28
179
162
5
174
99
27
140
48
20
70
93
91
21
8
56
42
7
70
71
8
204
70
120
27
82
156
10
66
39
12
101
21
170
118
17
4
58
5
35
180
128
156
132
101
21
8
87
176
83
165
191
17
126
202
35
75
107
13
123
69
181
151
28
5
100
10
26
133
165
171
21
100
128
89
114
137
181
10
72
40
2
68
103
150
53
154
1
6
23
187
120
58
3
13
168
36
53
102
123
193
183
103
203
81
68
40
25
38
162
88
146
81
137
148
2
54
149
22
122
203
119
182
191
105
142
74
21
149
157
186
89
53
31
173
89
44
117
10
37
120
169
146
165
46
83
108
173
46
79
15
11
187
104
151
20
99
41
200
31
162
10
180
52
103
147
128
105
174
102
61
28
4
29
171
75
130
9
54
45
153
49
150
11
155
48
128
3
11
81
70
4
19
131
196
151
81
93
54
47
203
37
68
18
176
34
69
70
53
133
27
158
173
108
71
74
99
11
179
193
158
173
148
126
1
3
12
29
178
79
191
27
75
168
147
11
172
180
44
22
54
191
47
160
6
41
85
201
64
203
4
186
154
185
101
143
45
7
62
18
133
6
105
53
74
169
17
202
112
133
5
22
37
95
98
122
12
61
45
44
8
20
32
123
193
177
160
174
175
4
193
4
96
150
74
168
18
19
38
108
169
56
151
168
31
169
128
10
125
173
148
12
9
132
53
171
30
141
112
157
202
87
200
72
47
112
38
203
173
103
11
64
12
161
93
62
129
85
32
141
161
61
18
58
48
128
85
117
141
181
123
29
62
95
43
148
177
40
172
37
141
165
175
147
117
31
93
6
75
199
179
56
141
35
132
18
18
86
61
68
122
141
143
71
202
37
204
36
74
162
126
185
115
9
52
12
195
189
72
40
79
115
161
1
66
109
169
186
44
153
195
157
175
12
6
182
125
117
91
180
86
136
109
203
176
6
80
100
49
44
165
35
120
120
8
186
32
180
29
80
96
61
106
202
157
153
179
62
53
202
195
151
22
82
100
52
136
63
148
47
200
147
3
23
183
107
22
123
111
200
12
26
141
13
80
182
108
97
96
203
93
157
105
112
23
80
185
71
156
128
197
34
64
82
115
72
158
57
38
125
80
122
63
125
18
153
34
162
49
111
52
93
43
178
174
12
38
107
160
3
27
184
80
133
52
105
107
22
176
141
82
146
69
204
114
172
74
191
196
87
184
48
74
125
119
96
183
204
197
186
61
7
129
123
186
156
70
150
191
71
40
53
64
183
28
204
155
70
187
122
142
187
75
6
26
204
146
75
168
154
89
200
99
179
180
82
20
13
177
52
122
8
30
154
9
86
154
32
72
128
156
106
28
161
137
69
37
182
148
106
140
40
146
170
204
171
111
161
170
178
41
111
176
119
7
57
129
29
85
162
172
91
195
124
13
143
186
56
185
160
108
29
52
80
133
195
146
29
3
43
53
18
115
104
148
158
116
136
151
196
202
186
165
183
170
204
196
183
155
200
87
4
167
117
189
121
86
70
5
100
63
13
148
202
112
191
130
4
40
186
38
124
29
44
106
70
86
27
43
172
131
120
109
53
150
106
123
181
120
97
133
62
71
117
115
85
201
203
136
53
62
46
12
129
160
137
112
58
97
199
28
93
195
15
6
58
41
3
29
107
125
126
126
8
131
195
63
130
48
197
71
171
7
176
20
142
58
80
91
130
40
68
20
6
81
5
130
203
9
12
158
126
115
203
180
2
45
112
117
48
184
125
150
31
72
9
137
140
196
170
7
109
120
128
40
200
41
56
180
180
70
81
85
197
20
52
160
131
114
158
63
87
91
162
71
99
71
2
52
28
32
132
6
111
193
136
122
48
79
169
91
178
132
126
4
8
85
111
191
28
137
114
130
47
116
141
173
58
119
142
121
48
147
130
142
147
41
6
31
179
183
37
81
104
81
6
79
125
23
203
26
191
176
148
119
120
40
179
34
10
184
162
114
199
171
30
123
61
123
61
112
186
27
172
18
193
185
118
7
100
129
31
193
36
136
26
168
128
133
64
4
80
79
189
30
132
28
41
98
10
143
26
111
107
202
143
197
171
43
28
170
143
183
15
168
105
191
104
63
185
129
193
89
23
109
32
44
114
156
171
17
86
27
197
182
197
38
132
197
26
158
193
182
124
111
93
150
86
80
142
156
26
109
72
13
146
98
111
118
70
86
104
38
147
180
12
131
6
5
93
89
201
140
143
182
122
86
143
62
147
29
17
63
173
100
22
199
148
121
20
197
87
120
115
130
115
81
140
41
120
158
98
49
81
37
46
81
34
3
181
58
30
156
79
119
183
132
195
119
5
168
97
74
43
123
132
189
120
37
191
181
176
97
46
114
168
142
22
27
15
62
62
36
129
200
10
178
112
128
30
131
199
120
15
109
170
125
85
38
85
109
89
121
45
124
168
44
171
140
2
121
186
62
115
61
30
167
143
121
10
18
64
13
4
179
82
105
186
15
126
13
97
9
26
69
158
185
43
61
196
119
158
168
167
120
15
122
131
143
129
109
1
81
11
169
11
62
147
203
107
98
5
146
136
173
167
173
30
22
87
79
57
156
85
137
124
191
128
153
1
45
180
3
122
98
11
178
48
2
195
106
97
72
168
109
82
189
26
119
167
124
132
91
140
89
15
20
119
79
91
3
169
36
120
162
173
46
182
119
69
124
1
23
89
173
117
114
8
58
5
119
22
117
81
112
158
80
91
115
143
40
53
1
64
43
38
18
167
74
98
48
61
202
9
155
119
189
153
64
46
128
196
38
91
155
2
91
58
121
106
109
8
131
64
178
147
46
136
153
116
182
142
111
8
64
17
9
11
150
168
181
132
129
121
57
38
5
179
162
32
153
146
44
115
119
46
195
195
161
165
29
183
116
61
172
7
202
5
49
111
131
91
46
100
40
5
107
13
121
100
87
171
85
122
13
183
107
148
180
81
108
82
10
197
140
64
151
169
49
140
121
165
132
64
23
158
128
44
117
199
126
129
23
132
79
176
57
195
172
203
8
148
116
176
97
80
87
34
201
155
11
119
22
105
131
100
22
105
121
71
129
121
136
44
142
128
98
64
45
142
37
38
15
120
172
155
13
130
197
140
61
37
142
123
119
176
17
109
156
165
115
17
197
181
81
46
200
7
23
202
180
165
32
126
2
10
148
85
38
53
17
44
15
120
147
165
112
140
107
114
142
128
5
117
74
105
191
124
81
136
107
140
23
106
117
46
126
104
8
146
46
44
122
2
72
176
168
114
80
196
162
3
196
71
18
165
181
79
34
182
167
184
9
182
97
11
115
22
5
8
147
44
46
199
147
121
136
123
189
122
181
182
15
6
17
22
13
44
23
150
40
22
126
153
64
32
22
179
82
82
30
71
43
106
169
143
58
36
126
155
1
44
104
52
87
2
89
107
196
23
37
34
176
155
184
201
32
38
172
3
109
170
9
176
147
121
186
197
202
117
196
32
30
79
104
172
11
172
9
124
106
87
91
104
89
176
9
201
17
151
180
79
115
64
181
170
119
2
64
201
10
2
3
53
52
79
147
12
72
148
168
57
112
202
199
13
44
53
32
126
126
142
176
52
112
121
12
116
178
122
17
181
82
124
45
91
189
6
49
155
120
116
109
2
181
91
178
201
2
98
109
43
34
18
30
120
155
91
142
91
62
57
87
201
121
58
196
189
199
184
191
116
87
34
10
184
17
184
10
49
53
74
36
109
196
8
200
1
11
44
181
6
143
147
143
30
179
140
34
115
5
148
7
13
151
38
37
202
52
165
12
122
186
10
122
17
89
8
179
49
182
178
199
143
10
172
126
53
116
107
5
1
115
136
129
1
2
112
155
8
80
12
62
98
79
191
15
87
136
123
189
129
18
53
106
172
136
44
124
179
195
182
44
52
179
43
182
7
79
116
128
71
12
30
53
61
184
57
124
189
18
3
22
82
172
114
136
200
57
11
62
199
57
38
36
38
176
161
1
30
1
43
61
195
5
200
136
169
126
184
112
53
91
43
106
161
72
172
117
117
74
40
150
17
170
53
10
30
189
162
72
58
61
180
142
89
34
22
41
9
130
167
176
37
32
172
41
23
116
10
180
168
12
119
23
151
87
202
201
8
170
48
46
29
155
62
201
170
3
36
176
2
142
176
189
167
186
140
44
40
105
123
57
181
115
49
116
115
126
64
191
169
117
176
64
122
167
117
8
44
126
82
161
10
87
7
126
3
153
112
115
168
40
199
89
178
40
53
43
45
181
91
18
153
172
82
71
178
17
129
53
167
128
179
52
140
170
169
184
191
44
17
202
201
116
97
43
41
49
151
123
136
41
130
57
62
23
180
105
195
184
161
30
38
107
176
120
162
162
44
89
199
40
57
7
140
5
124
44
34
180
18
15
22
64
140
3
195
46
165
195
180
150
107
52
170
41
49
186
64
46
6
23
123
124
179
179
168
202
11
18
128
191
2
162
34
80
121
153
89
53
64
155
114
82
2
168
172
195
9
117
129
80
119
18
105
30
109
64
121
89
153
9
52
153
79
142
61
196
105
45
142
15
124
37
178
107
30
79
114
30
115
37
61
153
129
97
142
136
48
91
176
49
189
182
195
179
162
89
37
89
6
151
150
49
15
123
17
32
165
6
46
2
148
62
57
15
151
80
34
180
107
97
116
17
30
15
195
182
105
61
5
195
107
38
41
17
12
117
181
150
114
1
80
180
151
119
199
181
34
58
79
120
17
40
97
98
162
124
150
168
162
124
162
148
120
18
150
48
11
32
169
105
80
58
45
151
117
168
153
109
62
114
120
109
62
15
199
79
89
191
15
43
107
114
167
106
167
82
11
142
169
49
119
179
162
46
167
142
107
165
58
150
121
41
105
18
169
48
12
169
30
49
155
36
148
169
168
153
6
82
123
153
15
38
162
151
179
150
15
87
46
153
57
116
200
167
3
178
142
165
128
195
57
153
176
153
15
97
34
165
128
58
167
170
105
181
142
6
61
6
74
199
91
155
1
9
114
53
18
18
53
168
119
120
62
82
9
12
170
162
109
79
18
148
89
45
82
6
18
136
6
1
191
74
162
79
148
80
120
80
153
142
169
150
170
142
74
170
98
176
155
36
200
170
184
44
142
200
195
124
119
179
116
200
148
1
32
150
170
123
87
148
53
165
11
74
151
150
58
151
191
124
5
17
57
116
49
91
153
41
165
18
184
46
41
97
64
150
178
184
41
155
46
181
169
74
168
120
128
105
57
121
186
109
181
184
58
114
169
18
200
169
184
150
61
41
17
61
41
52
184
36
80
191
123
182
153
34
46
199
105
162
36
200
142
82
12
186
45
1
1
116
182
80
12
18
121
105
128
178
45
17
79
61
182
57
109
186
61
12
106
186
36
128
91
12
52
40
169
153
116
79
17
117
89
151
105
117
89
117
40
106
115
114
45
106
182
150
32
58
195
151
52
64
74
87
34
114
181
53
46
82
182
123
3
126
123
115
74
168
178
115
2
142
11
45
2
121
114
184
11
89
115
46
62
2
52
199
52
37
79
37
176
87
114
179
195
115
116
15
182
37
148
3
91
45
32
182
91
179
169
89
148
58
52
199
2
3
17
82
116
5
18
17
150
62
114
79
109
124
184
17
176
62
184
195
44
120
62
44
36
32
52
34
89
115
12
2
37
87
148
32
15
46
11
2
74
36
106
12
121
98
184
74
98
109
179
116
114
115
199
128
74
126
44
12
62
91
32
52
36
87
179
181
58
184
80
116
199
36
18
150
128
184
34
11
34
153
106
124
142
186
148
32
3
195
87
12
52
116
36
195
46
37
186
115
109
98
109
179
120
181
114
184
199
124
105
162
121
87
179
117
184
179
98
195
120
168
200
114
80
3
114
179
82
15
105
105
106
74
184
37
52
162
195
12
195
12
36
74
36
128
62
114
200
91
123
181
126
91
120
58
62
11
115
106
15
89
15
15
117
98
128
61
128
179
200
15
18
106
106
58
200
199
98
52
200
3
46
200
32
79
184
186
44
37
168
15
200
123
123
181
181
116
162
115
128
186
186
52
91
74
184
200
117
115
12
18
91
120
98
184
87
105
128
115
58
117
15
98
32
184
53
74
79
18
106
32
181
46
36
128
186
98
52
117
105
12
12
79
17
105
117
116
82
200
46
89
124
3
121
106
200
52
2
148
126
32
123
200
15
117
162
32
181
115
128
186
15
184
184
124
52
124
91
105
115
168
179
89
199
87
79
52
120
105
52
162
123
199
126
11
106
11
121
17
121
179
62
124
52
121
17
91
168
17
37
2
18
121
184
82
89
46
32
18
15
186
195
58
115
74
148
15
17
74
162
116
82
121
74
186
168
87
186
148
36
199
53
87
3
195
89
91
148
186
184
148
37
79
181
2
186
2
2
87
116
17
121
58
17
79
15
116
3
58
18
17
126
74
162
106
124
124
32
36
116
116
79
148
89
199
184
58
106
116
44
87
181
115
116
199
105
199
58
12
106
12
184
124
53
91
121
36
199
18
124
3
18
106
105
52
46
126
124
116
106
199
148
124
37
37
53
186
105
116
124
53
199
105
89
148
162
200
91
53
58
89
3
12
106
124
87
89
82
106
87
89
162
200
17
121
126
52
53
181
46
200
17
89
36
52
199
18
181
148
36
58
37
58
46
53
115
36
200
18
162
162
121
79
105
89
121
79
124
36
199
18
58
18
36
199
106
106
17
87
17
105
58
106
148
105
36
126
105
37
200
18
87
36
121
79
87
121
126
121
58
91
200
52
126
200
126
162
162
124
89
148
18
162
121
121
18
37
126
126
124
87
121
52
162
91
126
87
79
124
91
126
148
91
162
58
79
148
58
37
37
148
37
58
148
52
37
162
37
91
124
87
87
148
162
79
148
58
124
87